return {
    furniture = {
        ["f-1651"] = {
            hash = 2,
            was_free = false,
            colors = {
                [1] = Color3.new(1,1,1),
                [2] = Color3.new(0.105882,0.164706,0.207843),
                [3] = Color3.new(0.792157,0.796078,0.819608),
                [4] = Color3.new(1,0,0),
            },
            no_value = true,
            scale = 1,
            cframe = CFrame.new(192.71,37.3341,-176.457,-0.70686,0.321165,0.63024,1.24425e-05,0.890988,-0.454026,-0.707354,-0.320925,-0.629808),
            on = true,
            id = "fogmachine",
        },
        ["f-3761"] = {
            hash = 2,
            colors = {
                [1] = Color3.new(0.952941,0.933333,0.894118),
            },
            was_free = false,
            scale = 0.98,
            cframe = CFrame.new(137.482,107.108,-155.567,-0.707134,0,-0.707079,0,1,0,0.707079,0,-0.707134),
            no_value = true,
            id = "column_v1_plain",
        },
        ["f-2543"] = {
            hash = 2,
            colors = {
                [1] = Color3.new(0.592157,0.768627,0.87451),
            },
            was_free = false,
            scale = 0.91,
            cframe = CFrame.new(126.047,72.1789,-105.305,-0.304198,-0.760948,0.573082,-0.869148,0.467954,0.160004,-0.38993,-0.44942,-0.803727),
            no_value = true,
            id = "ropes_horizontalstring_v2",
        },
        ["f-3074"] = {
            hash = 2,
            colors = {
                [1] = Color3.new(0.952941,0.933333,0.894118),
                [2] = Color3.new(0.952941,0.933333,0.894118),
            },
            was_free = false,
            scale = 0.69,
            cframe = CFrame.new(143.842,45.3831,-121.584,-0.707134,0,-0.707079,0,1,0,0.707079,0,-0.707134),
            no_value = true,
            id = "queenslander_wall_straight",
        },
        ["f-625"] = {
            hash = 2,
            colors = {
                [1] = Color3.new(1,0.576471,0.682353),
                [2] = Color3.new(1,0.647059,0.878431),
                [3] = Color3.new(1,0.65098,0.807843),
            },
            was_free = false,
            scale = 0.42,
            cframe = CFrame.new(135.86,42.9265,-163.276,-0.499787,0,-0.866148,0,1,0,0.866148,0,-0.499787),
            no_value = true,
            id = "moon_house_2025_space_flower",
        },
        ["f-1879"] = {
            hash = 2,
            colors = {
                [1] = Color3.new(0.572549,0.72549,0.854902),
            },
            was_free = false,
            scale = 0.07,
            cframe = CFrame.new(126.023,67.4556,-70.3371,-0.258864,0,0.965914,0,1,0,-0.965914,0,-0.258864),
            no_value = true,
            id = "round_wall_v2_plain",
        },
        ["f-3666"] = {
            hash = 2,
            colors = {
                [1] = Color3.new(0.952941,0.933333,0.894118),
            },
            was_free = false,
            scale = 1.25,
            cframe = CFrame.new(99.959,17.2947,6.52148,-1,0,0,0,1,0,0,0,-1),
            no_value = true,
            id = "column_v1_plain",
        },
        ["f-760"] = {
            hash = 2,
            colors = {
                [1] = Color3.new(0.580392,0.733333,0.576471),
                [2] = Color3.new(0.580392,0.733333,0.576471),
                [3] = Color3.new(0.580392,0.733333,0.576471),
                [4] = Color3.new(0.580392,0.733333,0.576471),
                [5] = Color3.new(0.580392,0.733333,0.576471),
            },
            was_free = false,
            scale = 0.97,
            cframe = CFrame.new(58.6774,24.7441,-106.632,-0.707134,0,-0.707079,0,1,0,0.707079,0,-0.707134),
            no_value = true,
            id = "queenslander_rubber_tree",
        },
        ["f-3689"] = {
            hash = 2,
            colors = {
                [1] = Color3.new(0.592157,0.768627,0.87451),
            },
            was_free = false,
            scale = 1.14,
            cframe = CFrame.new(203.53,61.697,-0.866636,-6.8903e-05,0.499695,0.866202,-1,-6.8903e-05,-3.97563e-05,3.97563e-05,-0.866202,0.499695),
            no_value = true,
            id = "ropes_horizontalstring_v2",
        },
        ["f-898"] = {
            hash = 2,
            was_free = false,
            colors = {
                [1] = Color3.new(1,1,1),
                [2] = Color3.new(0.105882,0.164706,0.207843),
                [3] = Color3.new(0.792157,0.796078,0.819608),
                [4] = Color3.new(1,0,0),
            },
            no_value = true,
            scale = 1,
            cframe = CFrame.new(294.38,49.9834,-17.7491,0,0,1,0,1,-0,-1,0,0),
            on = true,
            id = "fogmachine",
        },
        ["f-140"] = {
            hash = 2,
            colors = {
                [1] = Color3.new(0.545098,0.654902,0.717647),
                [2] = Color3.new(0.690196,0.878431,0.992157),
                [3] = Color3.new(0.596078,0.760784,0.858824),
            },
            was_free = false,
            scale = 0.76,
            cframe = CFrame.new(159.536,42.7104,-170.682,0.25918,-0,-0.965829,0,1,-0,0.965829,0,0.25918),
            no_value = true,
            id = "moon_house_2025_space_flower",
        },
        ["f-3564"] = {
            hash = 2,
            was_free = false,
            colors = {
                [1] = Color3.new(0.423529,0.737255,1),
                [2] = Color3.new(0.639216,0.635294,0.647059),
            },
            no_value = true,
            scale = 0.05,
            cframe = CFrame.new(144.242,73.4585,-20.7956,0.866186,0,0.499722,0,1,0,-0.499722,0,0.866186),
            on = true,
            id = "hospital_refresh_2023_ceiling_light",
        },
        ["f-3651"] = {
            hash = 2,
            colors = {
                [1] = Color3.new(0.580392,0.843137,1),
            },
            was_free = false,
            scale = 0.91,
            cframe = CFrame.new(93.7949,49.7615,-46.1599,1,0,0,0,1,0,0,0,1),
            no_value = true,
            id = "sphere_v3_glass",
        },
        ["f-2611"] = {
            hash = 2,
            colors = {
                [1] = Color3.new(0.898039,0.878431,0.819608),
                [2] = Color3.new(0.956863,0.941176,0.901961),
                [3] = Color3.new(0.898039,0.878431,0.819608),
                [4] = Color3.new(0.898039,0.878431,0.819608),
                [5] = Color3.new(0.960784,0.952941,0.92549),
                [6] = Color3.new(1,1,1),
            },
            was_free = false,
            scale = 2.02,
            cframe = CFrame.new(208.62,41.6089,-70.7221,-0.96602,0,-0.258468,0,1,0,0.258468,0,-0.96602),
            no_value = true,
            id = "halloween_2023_candelabra_light",
        },
        ["f-444"] = {
            hash = 2,
            was_free = false,
            colors = {
                [1] = Color3.new(0.952941,0.933333,0.894118),
                [2] = Color3.new(0.952941,0.933333,0.894118),
                [3] = Color3.new(0.662745,0.87451,1),
            },
            no_value = true,
            scale = 0.44,
            cframe = CFrame.new(150.07,60.2008,-124.393,-0.70753,3.30101e-05,0.706683,3.30101e-05,-1,7.9761e-05,0.706683,7.9761e-05,0.70753),
            on = true,
            id = "lightbulb",
        },
        ["f-1531"] = {
            hash = 2,
            colors = {
                [1] = Color3.new(0.572549,0.52549,0.494118),
            },
            was_free = false,
            scale = 0.21,
            cframe = CFrame.new(192.289,59.2866,-3.29325,-0.866234,0.404221,0.293676,-5.93215e-05,0.587692,-0.809085,-0.49964,-0.700874,-0.509055),
            no_value = true,
            id = "bevelled_cylinderv1_stone",
        },
        ["f-1675"] = {
            hash = 2,
            colors = {
                [1] = Color3.new(0.843137,0.827451,0.788235),
            },
            was_free = false,
            scale = 0.22,
            cframe = CFrame.new(146.01,116.857,-123.543,-0.707134,-0,-0.707079,0,-1,0,-0.707079,0,0.707134),
            no_value = true,
            id = "door_cutout_rounded_large_stone",
        },
        ["f-2572"] = {
            hash = 2,
            colors = {
                [1] = Color3.new(1,1,1),
                [2] = Color3.new(0.803922,0.803922,0.803922),
            },
            was_free = false,
            scale = 1.6,
            cframe = CFrame.new(183.282,41.3848,-133.677,-0.706873,0.70734,-7.14958e-05,0.000154078,5.29289e-05,-1,-0.70734,-0.706873,-0.000146389),
            no_value = true,
            id = "winter_2022_icewall_straight01",
        },
        ["f-2079"] = {
            hash = 2,
            colors = {
                [1] = Color3.new(0.572549,0.72549,0.854902),
            },
            was_free = false,
            scale = 0.1,
            cframe = CFrame.new(176.799,80.7712,-68.1697,-0.707134,0,0.707079,0,1,0,-0.707079,0,-0.707134),
            no_value = true,
            id = "round_wall_v2_plain",
        },
        ["f-758"] = {
            hash = 2,
            colors = {
                [1] = Color3.new(0.647059,0.866667,1),
                [2] = Color3.new(0.584314,0.764706,0.87451),
                [3] = Color3.new(0.584314,0.764706,0.87451),
            },
            was_free = false,
            scale = 5.03,
            cframe = CFrame.new(273.373,-45.1616,-62.4704,-1.45435e-05,-0.707154,-0.70706,1,-1.45435e-05,-5.93066e-06,-5.93066e-06,-0.70706,0.707154),
            no_value = true,
            id = "magic_dining_table",
        },
        ["f-1000"] = {
            hash = 2,
            was_free = false,
            colors = {
                [1] = Color3.new(0.823529,0.788235,0.721569),
                [2] = Color3.new(0.823529,0.788235,0.721569),
                [3] = Color3.new(0.662745,0.87451,1),
            },
            no_value = true,
            scale = 1,
            cframe = CFrame.new(209.17,94.5994,-22.3563,-0.866007,-0,-0.500031,0,-1,0,-0.500031,0,0.866007),
            on = true,
            id = "lightbulb",
        },
        ["f-2078"] = {
            hash = 2,
            colors = {
                [1] = Color3.new(0.572549,0.72549,0.854902),
            },
            was_free = false,
            scale = 0.09,
            cframe = CFrame.new(77.1494,39.7249,-40.8007,-0.258864,-0,-0.965914,0,-1,0,-0.965914,0,0.258864),
            no_value = true,
            id = "round_wall_v2_plain",
        },
        ["f-3027"] = {
            hash = 2,
            colors = {
                [1] = Color3.new(0.843137,0.827451,0.788235),
            },
            was_free = false,
            scale = 2.48,
            cframe = CFrame.new(151.168,107.441,-136.795,-0.707134,0,-0.707079,0,1,0,0.707079,0,-0.707134),
            no_value = true,
            id = "beam_v3_plain",
        },
        ["f-698"] = {
            hash = 2,
            was_free = false,
            colors = {
                [1] = Color3.new(0.745098,0.827451,0.87451),
                [2] = Color3.new(0.580392,0.733333,0.576471),
                [3] = Color3.new(0.580392,0.733333,0.576471),
                [4] = Color3.new(1,0.85098,0.94902),
                [5] = Color3.new(1,1,1),
            },
            no_value = true,
            scale = 2.51,
            cframe = CFrame.new(201.492,46.5906,-14.9634,-0.96593,0,-0.258805,0,1,0,0.258805,0,-0.96593),
            on = true,
            id = "birthday_2022_botanical_lamp",
        },
        ["f-2060"] = {
            hash = 2,
            colors = {
                [1] = Color3.new(0.572549,0.72549,0.854902),
            },
            was_free = false,
            scale = 0.1,
            cframe = CFrame.new(152.36,68.6323,-55.021,0.258759,0,0.965942,0,1,0,-0.965942,0,0.258759),
            no_value = true,
            id = "round_wall_v2_plain",
        },
        ["f-1231"] = {
            hash = 2,
            colors = {
                [1] = Color3.new(0.952941,0.933333,0.894118),
                [2] = Color3.new(0.952941,0.933333,0.894118),
            },
            was_free = false,
            scale = 0.69,
            cframe = CFrame.new(127.549,70.2039,-137.873,-0.707134,0,-0.707079,0,1,0,0.707079,0,-0.707134),
            no_value = true,
            id = "queenslander_wall_straight",
        },
        ["f-668"] = {
            hash = 2,
            colors = {
                [1] = Color3.new(0.572549,0.52549,0.494118),
            },
            was_free = false,
            scale = 0.25,
            cframe = CFrame.new(187.586,61.9102,4.86414,-0.866239,0.432678,-0.249839,-4.6432e-05,-0.500118,-0.865957,-0.499629,-0.750115,0.433242),
            no_value = true,
            id = "bevelled_cylinderv1_stone",
        },
        ["f-2783"] = {
            hash = 2,
            colors = {
                [1] = Color3.new(0.580392,0.733333,0.576471),
                [2] = Color3.new(0.580392,0.733333,0.576471),
                [3] = Color3.new(0.580392,0.733333,0.576471),
                [4] = Color3.new(0.580392,0.733333,0.576471),
                [5] = Color3.new(0.580392,0.733333,0.576471),
            },
            was_free = false,
            scale = 0.57,
            cframe = CFrame.new(124.583,119.38,-159.491,-0.707134,0,-0.707079,0,1,0,0.707079,0,-0.707134),
            no_value = true,
            id = "queenslander_rubber_tree",
        },
        ["f-2174"] = {
            hash = 2,
            colors = {
                [1] = Color3.new(0.545098,0.654902,0.717647),
                [2] = Color3.new(0.690196,0.878431,0.992157),
                [3] = Color3.new(0.596078,0.760784,0.858824),
            },
            was_free = false,
            scale = 4.31,
            cframe = CFrame.new(-16,12.8467,-18,0.865873,0,0.500264,0,1,0,-0.500264,0,0.865873),
            no_value = true,
            id = "moon_house_2025_space_flower",
        },
        ["f-2895"] = {
            hash = 2,
            colors = {
                [1] = Color3.new(0.843137,0.827451,0.788235),
            },
            was_free = false,
            scale = 0.16,
            cframe = CFrame.new(136.79,42.1223,-128.817,0.707134,-0,-0.707079,0,1,-0,0.707079,0,0.707134),
            no_value = true,
            id = "door_cutout_triangular_large_stone",
        },
        ["f-315"] = {
            hash = 2,
            colors = {
                [1] = Color3.new(0.843137,0.827451,0.788235),
            },
            was_free = false,
            scale = 2.48,
            cframe = CFrame.new(155.36,89.8357,-136.414,-0.707134,0,-0.707079,0,1,0,0.707079,0,-0.707134),
            no_value = true,
            id = "beam_v3_plain",
        },
        ["f-3226"] = {
            hash = 2,
            was_free = false,
            colors = {
                [1] = Color3.new(0.952941,0.933333,0.894118),
                [2] = Color3.new(0.952941,0.933333,0.894118),
                [3] = Color3.new(1,1,1),
            },
            no_value = true,
            scale = 0.72,
            cframe = CFrame.new(151.127,76.6692,-104.856,0.707134,0,-0.707079,0,-1,-0,-0.707079,0,-0.707134),
            on = true,
            id = "lightbulb",
        },
        ["f-1399"] = {
            hash = 2,
            colors = {
                [1] = Color3.new(0.843137,0.827451,0.788235),
            },
            was_free = false,
            scale = 1.04,
            cframe = CFrame.new(147.7,100.901,-143.935,-0.707154,-0.70706,5.99027e-06,-5.99027e-06,1.44243e-05,1,-0.70706,0.707154,-1.44243e-05),
            no_value = true,
            id = "torus_v3_stone",
        },
        ["f-2917"] = {
            hash = 2,
            was_free = false,
            colors = {
                [1] = Color3.new(0.588235,0.847059,1),
                [2] = Color3.new(0.584314,0.847059,1),
                [3] = Color3.new(0.537255,0.827451,1),
            },
            no_value = true,
            scale = 0.85,
            cframe = CFrame.new(120.58,67.9019,-106.053,0.57303,0.304175,0.760995,0.16003,0.869164,-0.467914,-0.803758,0.389911,0.44938),
            on = true,
            id = "space_house_2022_light",
        },
        ["f-2709"] = {
            hash = 2,
            colors = {
                [1] = Color3.new(1,0.760784,0.862745),
            },
            was_free = false,
            scale = 0.9,
            cframe = CFrame.new(197.125,85.1869,-68.7422,1,-0,0,0,0.874623,0.484804,-0,-0.484804,0.874623),
            no_value = true,
            id = "torus_v2_plain",
        },
        ["f-3055"] = {
            hash = 2,
            was_free = false,
            colors = {
                [1] = Color3.new(0.654902,0.843137,1),
                [2] = Color3.new(0.639216,0.635294,0.647059),
            },
            no_value = true,
            scale = 0.05,
            cframe = CFrame.new(263.285,-34.1394,-84.1666,0.866186,0,0.499722,0,1,0,-0.499722,0,0.866186),
            on = true,
            id = "hospital_refresh_2023_ceiling_light",
        },
        ["f-3179"] = {
            hash = 2,
            colors = {
                [1] = Color3.new(0.545098,0.654902,0.717647),
                [2] = Color3.new(0.690196,0.878431,0.992157),
                [3] = Color3.new(0.596078,0.760784,0.858824),
            },
            was_free = false,
            scale = 0.84,
            cframe = CFrame.new(229.25,51.012,-4.38346,0.25918,-0,-0.965829,0,1,-0,0.965829,0,0.25918),
            no_value = true,
            id = "moon_house_2025_space_flower",
        },
        ["f-1540"] = {
            hash = 2,
            was_free = false,
            colors = {
                [1] = Color3.new(0.952941,0.933333,0.894118),
                [2] = Color3.new(0.952941,0.933333,0.894118),
                [3] = Color3.new(1,1,1),
            },
            no_value = true,
            scale = 0.54,
            cframe = CFrame.new(153.454,92.9846,-124.55,0.707134,0,-0.707079,0,-1,-0,-0.707079,0,-0.707134),
            on = true,
            id = "lightbulb",
        },
        ["f-1077"] = {
            hash = 2,
            was_free = false,
            colors = {
                [1] = Color3.new(0.654902,0.843137,1),
                [2] = Color3.new(0.639216,0.635294,0.647059),
            },
            no_value = true,
            scale = 0.05,
            cframe = CFrame.new(253.914,42.9607,-70.7939,0.866186,0,0.499722,0,1,0,-0.499722,0,0.866186),
            on = true,
            id = "hospital_refresh_2023_ceiling_light",
        },
        ["f-1031"] = {
            hash = 2,
            colors = {
                [1] = Color3.new(0.952941,0.933333,0.894118),
            },
            was_free = false,
            scale = 0.98,
            cframe = CFrame.new(149.074,82.2314,-124.628,-0.707134,0,-0.707079,0,1,0,0.707079,0,-0.707134),
            no_value = true,
            id = "column_v1_plain",
        },
        ["f-418"] = {
            hash = 2,
            colors = {
                [1] = Color3.new(0.870588,0.85098,0.803922),
            },
            was_free = false,
            scale = 0.83,
            cframe = CFrame.new(150.755,49.2078,-187.31,-0.707134,0,-0.707079,0,1,0,0.707079,0,-0.707134),
            no_value = true,
            id = "door_cutout_triangular_large_plain",
        },
        ["f-1044"] = {
            hash = 2,
            was_free = false,
            colors = {
                [1] = Color3.new(0.588235,0.847059,1),
                [2] = Color3.new(0.584314,0.847059,1),
                [3] = Color3.new(0.537255,0.827451,1),
            },
            no_value = true,
            scale = 0.54,
            cframe = CFrame.new(144.283,93.9492,-132.636,-0.707134,0,-0.707079,0,1,0,0.707079,0,-0.707134),
            on = true,
            id = "space_house_2022_light",
        },
        ["f-3535"] = {
            hash = 2,
            colors = {
                [1] = Color3.new(0.87451,0.854902,0.823529),
            },
            was_free = false,
            scale = 0.63,
            cframe = CFrame.new(128.841,68.4243,-136.803,0.707134,-0,-0.707079,0,1,-0,0.707079,0,0.707134),
            no_value = true,
            id = "column_v3_stone",
        },
        ["f-159"] = {
            hash = 2,
            colors = {
                [1] = Color3.new(1,0.764706,0.917647),
                [2] = Color3.new(1,0.764706,0.917647),
                [3] = Color3.new(1,0.764706,0.917647),
                [4] = Color3.new(1,0.764706,0.917647),
                [5] = Color3.new(1,0.764706,0.917647),
            },
            was_free = false,
            scale = 0.5,
            cframe = CFrame.new(186.672,98.2432,-39.3432,1,0,0,0,0.933588,-0.35835,0,0.35835,0.933588),
            no_value = true,
            id = "queenslander_rubber_tree",
        },
        ["f-3465"] = {
            hash = 2,
            colors = {
                [1] = Color3.new(0.564706,0.564706,0.564706),
            },
            was_free = false,
            scale = 1.25,
            cframe = CFrame.new(296.996,77.4214,-53.0876,0.499787,0,0.866148,0,1,0,-0.866148,0,0.499787),
            no_value = true,
            id = "moon_house_2025_space_mountain",
        },
        ["f-1297"] = {
            hash = 2,
            colors = {
                [1] = Color3.new(1,0.576471,0.682353),
                [2] = Color3.new(1,0.647059,0.878431),
                [3] = Color3.new(1,0.65098,0.807843),
            },
            was_free = false,
            scale = 0.74,
            cframe = CFrame.new(124.399,42.2449,-139.975,-0.965907,0,0.258889,0,1,0,-0.258889,0,-0.965907),
            no_value = true,
            id = "moon_house_2025_space_flower",
        },
        ["f-2789"] = {
            hash = 2,
            colors = {
                [1] = Color3.new(0.952941,0.933333,0.894118),
            },
            was_free = false,
            scale = 0.59,
            cframe = CFrame.new(145.165,42.3235,-111.877,-1,0,0,0,1,0,0,0,-1),
            no_value = true,
            id = "queenslander_door_frame",
        },
        ["f-2076"] = {
            hash = 2,
            was_free = false,
            colors = {
                [1] = Color3.new(0.952941,0.933333,0.894118),
                [2] = Color3.new(0.952941,0.933333,0.894118),
                [3] = Color3.new(1,1,1),
            },
            no_value = true,
            scale = 0.92,
            cframe = CFrame.new(74.2346,38.3906,-92.7971,0.707134,0,-0.707079,0,-1,-0,-0.707079,0,-0.707134),
            on = true,
            id = "lightbulb",
        },
        ["f-899"] = {
            hash = 2,
            colors = {
                [1] = Color3.new(0.572549,0.72549,0.854902),
            },
            was_free = false,
            scale = 0.09,
            cframe = CFrame.new(76.0209,39.6414,-45.0142,-0.258864,-0,-0.965914,0,-1,0,-0.965914,0,0.258864),
            no_value = true,
            id = "round_wall_v2_plain",
        },
        ["f-3146"] = {
            hash = 2,
            colors = {
                [1] = Color3.new(0.631373,0.631373,0.631373),
            },
            was_free = false,
            scale = 1.42,
            cframe = CFrame.new(296.508,72.9197,-40.676,5.96046e-08,-1,0.000244156,1,5.96046e-08,0,0,0.000244156,1),
            no_value = true,
            id = "large_island_rock",
        },
        ["f-2849"] = {
            hash = 2,
            colors = {
                [1] = Color3.new(0.545098,0.792157,1),
            },
            was_free = false,
            scale = 0.91,
            cframe = CFrame.new(158.726,46.947,2.20703,1,0,0,0,1,0,0,0,1),
            no_value = true,
            id = "torus_v1_stone",
        },
        ["f-3851"] = {
            hash = 2,
            colors = {
                [1] = Color3.new(0.843137,0.827451,0.788235),
            },
            was_free = false,
            scale = 0.5,
            cframe = CFrame.new(143.567,45.1516,-122.843,1.44243e-05,-0.707154,-0.70706,-1,-1.44243e-05,-5.99027e-06,-5.99027e-06,0.70706,-0.707154),
            no_value = true,
            id = "trim_v3_top_stone",
        },
        ["f-2972"] = {
            hash = 2,
            was_free = false,
            colors = {
                [1] = Color3.new(0.458824,0.752941,1),
                [2] = Color3.new(0.972549,0.972549,0.972549),
            },
            no_value = true,
            scale = 2.32,
            cframe = CFrame.new(230.354,53.0398,2.75586,-0.999833,0,0.0182995,0,-1,0,0.0182995,0,0.999833),
            on = true,
            id = "hospital_refresh_2023_logo",
        },
        ["f-3850"] = {
            hash = 2,
            colors = {
                [1] = Color3.new(0.843137,0.827451,0.788235),
            },
            was_free = false,
            scale = 4.26,
            cframe = CFrame.new(78.8075,17.9924,-105.293,0.707134,0,0.707079,0,1,0,-0.707079,0,0.707134),
            no_value = true,
            id = "beam_v3_plain",
        },
        ["f-2365"] = {
            hash = 2,
            was_free = false,
            colors = {
                [1] = Color3.new(0.588235,0.847059,1),
                [2] = Color3.new(0.584314,0.847059,1),
                [3] = Color3.new(0.537255,0.827451,1),
            },
            no_value = true,
            scale = 0.54,
            cframe = CFrame.new(124.484,90.0183,-159.507,-0.707134,0,-0.707079,0,1,0,0.707079,0,-0.707134),
            on = true,
            id = "space_house_2022_light",
        },
        ["f-787"] = {
            hash = 2,
            was_free = false,
            colors = {
                [1] = Color3.new(0.423529,0.737255,1),
                [2] = Color3.new(0.639216,0.635294,0.647059),
            },
            no_value = true,
            scale = 0.05,
            cframe = CFrame.new(169.276,46.6584,-58.7646,-1,0,0,0,1,0,0,0,-1),
            on = true,
            id = "hospital_refresh_2023_ceiling_light",
        },
        ["f-2757"] = {
            hash = 2,
            was_free = false,
            colors = {
                [1] = Color3.new(0.952941,0.933333,0.894118),
                [2] = Color3.new(0.952941,0.933333,0.894118),
                [3] = Color3.new(1,1,1),
            },
            no_value = true,
            scale = 0.44,
            cframe = CFrame.new(134.566,60.5728,-132.412,0.707134,0,-0.707079,0,-1,-0,-0.707079,0,-0.707134),
            on = true,
            id = "lightbulb",
        },
        ["f-2764"] = {
            hash = 2,
            colors = {
                [1] = Color3.new(0.952941,0.933333,0.894118),
            },
            was_free = false,
            scale = 0.98,
            cframe = CFrame.new(145.165,108.587,-128.538,-0.707134,0,-0.707079,0,1,0,0.707079,0,-0.707134),
            no_value = true,
            id = "column_v1_plain",
        },
        ["f-1859"] = {
            hash = 2,
            colors = {
                [1] = Color3.new(0.592157,0.592157,0.592157),
            },
            was_free = false,
            scale = 1,
            cframe = CFrame.new(146.343,41.5962,-161.598,0.707332,0,0.706881,0,1,0,-0.706881,0,0.707332),
            no_value = true,
            id = "floor_double_stone",
        },
        ["f-1381"] = {
            hash = 2,
            colors = {
                [1] = Color3.new(0.952941,0.933333,0.894118),
            },
            was_free = false,
            scale = 0.5,
            cframe = CFrame.new(136.742,40.7239,-128.743,-0.707134,0,-0.707079,0,1,0,0.707079,0,-0.707134),
            no_value = true,
            id = "queenslander_door_frame",
        },
        ["f-2329"] = {
            hash = 2,
            was_free = false,
            colors = {
                [1] = Color3.new(0,0.619608,0.988235),
                [2] = Color3.new(0.639216,0.635294,0.647059),
            },
            no_value = true,
            scale = 1,
            cframe = CFrame.new(163.4,38.9822,-157.761,0.866186,0,0.499722,0,1,0,-0.499722,0,0.866186),
            on = true,
            id = "hospital_refresh_2023_ceiling_light",
        },
        ["f-2287"] = {
            hash = 2,
            colors = {
                [1] = Color3.new(0.843137,0.827451,0.788235),
                [2] = Color3.new(1,1,1),
                [3] = Color3.new(1,1,1),
                [4] = Color3.new(0.952941,0.933333,0.894118),
            },
            was_free = false,
            scale = 2.51,
            cframe = CFrame.new(106.484,72.0757,-153.536,0.706793,0.0234446,0.707032,-0.000481677,-0.999435,0.0336219,0.707421,-0.0241043,-0.706382),
            no_value = true,
            id = "expandable_houses_2023_hillside_food_and_water",
        },
        ["f-3429"] = {
            hash = 2,
            colors = {
                [1] = Color3.new(0.952941,0.933333,0.894118),
            },
            was_free = false,
            scale = 0.86,
            cframe = CFrame.new(146.961,44.7847,-184.745,-0.707134,0,-0.707079,0,1,0,0.707079,0,-0.707134),
            no_value = true,
            id = "column_v1_plain",
        },
        ["f-1172"] = {
            hash = 2,
            colors = {
                [1] = Color3.new(0.843137,0.827451,0.788235),
            },
            was_free = false,
            scale = 3.55,
            cframe = CFrame.new(119.32,64.5371,-158.058,-0.707134,0,-0.707079,0,1,0,0.707079,0,-0.707134),
            no_value = true,
            id = "beam_v3_plain",
        },
        ["f-1934"] = {
            hash = 2,
            was_free = false,
            colors = {
                [1] = Color3.new(0.211765,0.705882,1),
                [2] = Color3.new(0.639216,0.635294,0.647059),
            },
            no_value = true,
            scale = 0.05,
            cframe = CFrame.new(142.56,73.927,-122.226,1.44243e-05,-0.707154,-0.70706,-1,-1.44243e-05,-5.99027e-06,-5.99027e-06,0.70706,-0.707154),
            on = true,
            id = "hospital_refresh_2023_ceiling_light",
        },
        ["f-642"] = {
            hash = 2,
            colors = {
                [1] = Color3.new(0.572549,0.72549,0.854902),
            },
            was_free = false,
            scale = 0.1,
            cframe = CFrame.new(150.621,65.8972,-48.5342,0.258759,0,-0.965942,0,-1,-0,-0.965942,0,-0.258759),
            no_value = true,
            id = "round_wall_v2_plain",
        },
        ["f-3265"] = {
            hash = 4,
            colors = {
                [1] = Color3.new(1,1,1),
                [2] = Color3.new(1,1,1),
                [3] = Color3.new(0.92549,0.898039,0.827451),
                [4] = Color3.new(1,1,1),
                [5] = Color3.new(0.980392,0.964706,0.921569),
            },
            was_free = false,
            scale = 1.43,
            cframe = CFrame.new(157.7,42.168,-191.362,0.707332,0,0.706881,0,1,0,-0.706881,0,0.707332),
            no_value = true,
            id = "mannequins_2024_mannequin",
        },
        ["f-2774"] = {
            hash = 2,
            was_free = false,
            door_position = "Closed",
            colors = {
                [1] = Color3.new(0.952941,0.933333,0.894118),
                [2] = Color3.new(0.952941,0.933333,0.894118),
                [3] = Color3.new(0.952941,0.933333,0.894118),
                [4] = Color3.new(0.235294,0.447059,0.576471),
                [5] = Color3.new(0.941176,0.917647,0.870588),
            },
            scale = 0.62,
            cframe = CFrame.new(145.249,46.8193,-115.172,0,0,1,0,1,-0,-1,0,0),
            no_value = true,
            id = "glassdoor",
        },
        ["f-1266"] = {
            hash = 2,
            colors = {
                [1] = Color3.new(0.92549,0.898039,0.827451),
            },
            was_free = false,
            scale = 0.89,
            cframe = CFrame.new(161.698,69.6411,-102.144,1.44243e-05,0.707154,-0.70706,1,-1.44243e-05,5.99027e-06,-5.99027e-06,-0.70706,-0.707154),
            no_value = true,
            id = "wall_tall_stone",
        },
        ["f-3585"] = {
            hash = 2,
            colors = {
                [1] = Color3.new(0.631373,0.631373,0.631373),
            },
            was_free = false,
            scale = 2.46,
            cframe = CFrame.new(246.748,-77.8011,-92.355,0.707134,0,0.707079,0,1,0,-0.707079,0,0.707134),
            no_value = true,
            id = "large_island_rock",
        },
        ["f-1586"] = {
            hash = 2,
            colors = {
                [1] = Color3.new(0.545098,0.654902,0.717647),
                [2] = Color3.new(0.690196,0.878431,0.992157),
                [3] = Color3.new(0.596078,0.760784,0.858824),
            },
            was_free = false,
            scale = 1.93,
            cframe = CFrame.new(169.116,49.5085,42.6488,-0.866052,0,-0.499954,0,1,0,0.499954,0,-0.866052),
            no_value = true,
            id = "moon_house_2025_space_flower",
        },
        ["f-740"] = {
            hash = 2,
            colors = {
                [1] = Color3.new(0.952941,0.933333,0.894118),
            },
            was_free = false,
            scale = 1.68,
            cframe = CFrame.new(74.9745,74.9871,-94.0881,-0.707134,0,-0.707079,0,1,0,0.707079,0,-0.707134),
            no_value = true,
            id = "column_v1_plain",
        },
        ["f-1735"] = {
            hash = 2,
            colors = {
                [1] = Color3.new(0.843137,0.827451,0.788235),
                [2] = Color3.new(0.901961,0.878431,0.827451),
                [3] = Color3.new(0.92549,0.901961,0.858824),
                [4] = Color3.new(0.917647,0.898039,0.858824),
            },
            was_free = false,
            scale = 1.18,
            cframe = CFrame.new(140.895,63.1431,-125.752,0.70706,-0.707153,-3.32892e-05,3.32892e-05,8.04067e-05,-1,0.707153,0.70706,8.04067e-05),
            no_value = true,
            id = "scroll_closed",
        },
        ["f-2523"] = {
            hash = 2,
            colors = {
                [1] = Color3.new(0.87451,0.854902,0.823529),
            },
            was_free = false,
            scale = 0.63,
            cframe = CFrame.new(133.414,62.7812,-132.227,0.707134,-0,-0.707079,0,1,-0,0.707079,0,0.707134),
            no_value = true,
            id = "column_v3_stone",
        },
        ["f-165"] = {
            hash = 2,
            colors = {
                [1] = Color3.new(0.92549,0.898039,0.827451),
            },
            was_free = false,
            scale = 0.8,
            cframe = CFrame.new(162.424,43.4187,-198.837,1.44243e-05,-0.707154,0.70706,-1,-1.44243e-05,5.99027e-06,5.99027e-06,-0.70706,-0.707154),
            no_value = true,
            id = "trim_v3_bottom_plain",
        },
        ["f-1828"] = {
            hash = 2,
            colors = {
                [1] = Color3.new(1,1,1),
            },
            was_free = false,
            scale = 2.2,
            cframe = CFrame.new(219.781,41.3352,-33.6519,0.258549,-0,-0.965998,0,1,-0,0.965998,0,0.258549),
            no_value = true,
            id = "queenslander_door_frame",
        },
        ["f-1213"] = {
            hash = 2,
            colors = {
                [1] = Color3.new(1,1,1),
            },
            was_free = false,
            scale = 0.08,
            cframe = CFrame.new(128.06,74.8467,-143.87,1.44243e-05,-0.707154,-0.70706,-1,-1.44243e-05,-5.99027e-06,-5.99027e-06,0.70706,-0.707154),
            no_value = true,
            id = "sphere_v2_plain",
        },
        ["f-2057"] = {
            hash = 2,
            colors = {
                [1] = Color3.new(0.592157,0.768627,0.87451),
            },
            was_free = false,
            scale = 0.91,
            cframe = CFrame.new(195.88,67.4727,-63.932,7.56979e-06,-4.47035e-06,1,0.87462,0.48481,-4.47035e-06,-0.48481,0.87462,7.56979e-06),
            no_value = true,
            id = "ropes_horizontalstring_v2",
        },
        ["f-578"] = {
            hash = 2,
            colors = {
                [1] = Color3.new(1,1,1),
            },
            was_free = false,
            scale = 5.16,
            cframe = CFrame.new(124.8,-22.0884,-25.6,0.707134,0,0.707079,0,1,0,-0.707079,0,0.707134),
            no_value = true,
            id = "column_v3_plain",
        },
        ["f-505"] = {
            hash = 2,
            colors = {
                [1] = Color3.new(0.843137,0.827451,0.788235),
            },
            was_free = false,
            scale = 0.5,
            cframe = CFrame.new(143.567,75.429,-122.843,1.44243e-05,-0.707154,-0.70706,-1,-1.44243e-05,-5.99027e-06,-5.99027e-06,0.70706,-0.707154),
            no_value = true,
            id = "trim_v3_top_stone",
        },
        ["f-3160"] = {
            hash = 2,
            was_free = false,
            colors = {
                [1] = Color3.new(0.423529,0.737255,1),
                [2] = Color3.new(0.639216,0.635294,0.647059),
            },
            no_value = true,
            scale = 0.05,
            cframe = CFrame.new(145.6,43.7585,-49.2,0.866186,0,0.499722,0,1,0,-0.499722,0,0.866186),
            on = true,
            id = "hospital_refresh_2023_ceiling_light",
        },
        ["f-395"] = {
            hash = 2,
            colors = {
                [1] = Color3.new(0.92549,0.898039,0.827451),
            },
            was_free = false,
            scale = 0.36,
            cframe = CFrame.new(185.921,41.9832,-126,-0.707134,0,-0.707079,0,1,0,0.707079,0,-0.707134),
            no_value = true,
            id = "wall_tall_stone",
        },
        ["f-2343"] = {
            hash = 2,
            colors = {
                [1] = Color3.new(0.572549,0.72549,0.854902),
            },
            was_free = false,
            scale = 0.1,
            cframe = CFrame.new(143.345,71.1201,-90.3368,-0.707134,-0,-0.707079,0,-1,0,-0.707079,0,0.707134),
            no_value = true,
            id = "round_wall_v2_plain",
        },
        ["f-1951"] = {
            hash = 2,
            was_free = false,
            colors = {
                [1] = Color3.new(0.223529,0.709804,1),
                [2] = Color3.new(0.639216,0.635294,0.647059),
            },
            no_value = true,
            scale = 1,
            cframe = CFrame.new(156.322,64.5674,-154.119,0.7072,0,-0.707013,0,-1,-0,-0.707013,0,-0.7072),
            on = true,
            id = "hospital_refresh_2023_ceiling_light",
        },
        ["f-610"] = {
            hash = 2,
            was_free = false,
            colors = {
                [1] = Color3.new(0.654902,0.843137,1),
                [2] = Color3.new(0.639216,0.635294,0.647059),
            },
            no_value = true,
            scale = 0.05,
            cframe = CFrame.new(237.526,-24.3397,-65.3804,0.866186,0,0.499722,0,1,0,-0.499722,0,0.866186),
            on = true,
            id = "hospital_refresh_2023_ceiling_light",
        },
        ["f-2868"] = {
            hash = 2,
            colors = {
                [1] = Color3.new(0.952941,0.933333,0.894118),
            },
            was_free = false,
            scale = 0.86,
            cframe = CFrame.new(164.36,44.7847,-202.142,-0.707134,0,-0.707079,0,1,0,0.707079,0,-0.707134),
            no_value = true,
            id = "column_v1_plain",
        },
        ["f-1883"] = {
            hash = 2,
            was_free = false,
            colors = {
                [1] = Color3.new(0.588235,0.847059,1),
                [2] = Color3.new(0.584314,0.847059,1),
                [3] = Color3.new(0.537255,0.827451,1),
            },
            no_value = true,
            scale = 0.77,
            cframe = CFrame.new(104.584,75.1882,-164.641,-0.707134,0,-0.707079,0,1,0,0.707079,0,-0.707134),
            on = true,
            id = "space_house_2022_light",
        },
        ["f-589"] = {
            hash = 2,
            colors = {
                [1] = Color3.new(1,0.576471,0.682353),
                [2] = Color3.new(1,0.647059,0.878431),
