return {
    furniture = {
        ["f-244"] = {
            hash = 2,
            was_free = false,
            colors = {
                [1] = Color3.new(0.588235,0.847059,1),
                [2] = Color3.new(0.584314,0.847059,1),
                [3] = Color3.new(0.537255,0.827451,1),
            },
            no_value = true,
            scale = 0.92,
            cframe = CFrame.new(58.5092,4.59131,-106.657,-0.707134,0,-0.707079,0,1,0,0.707079,0,-0.707134),
            on = true,
            id = "space_house_2022_light",
        },
        ["f-1983"] = {
            hash = 2,
            was_free = false,
            colors = {
                [1] = Color3.new(0.952941,0.933333,0.894118),
                [2] = Color3.new(0.952941,0.933333,0.894118),
                [3] = Color3.new(1,1,1),
            },
            no_value = true,
            scale = 0.77,
            cframe = CFrame.new(117.687,46.9885,-153.092,0.707134,0,-0.707079,0,-1,-0,-0.707079,0,-0.707134),
            on = true,
            id = "lightbulb",
        },
        ["f-2602"] = {
            hash = 2,
            colors = {
                [1] = Color3.new(1,0.854902,0.94902),
                [2] = Color3.new(0.513726,0.623529,0.529412),
                [3] = Color3.new(0.568627,0.701961,0.588235),
                [4] = Color3.new(1,0.882353,0.960784),
                [5] = Color3.new(1,0.952941,0.984314),
            },
            was_free = false,
            scale = 2.51,
            cframe = CFrame.new(96.0996,24.8513,-39,0.965907,-0,-0.258889,0,1,-0,0.258889,0,0.965907),
            no_value = true,
            id = "birthday_2022_botanical_pet_food_bowl",
        },
        ["f-3865"] = {
            hash = 2,
            colors = {
                [1] = Color3.new(0.592157,0.768627,0.87451),
            },
            was_free = false,
            scale = 1.14,
            cframe = CFrame.new(180.748,61.697,51.9369,-6.8903e-05,0.499695,0.866202,-1,-6.8903e-05,-3.97563e-05,3.97563e-05,-0.866202,0.499695),
            no_value = true,
            id = "ropes_horizontalstring_v2",
        },
        ["f-2011"] = {
            hash = 2,
            colors = {
                [1] = Color3.new(0.952941,0.933333,0.894118),
            },
            was_free = false,
            scale = 1.25,
            cframe = CFrame.new(104.924,61.4331,10.2671,-1,0,0,0,1,0,0,0,-1),
            no_value = true,
            id = "column_v1_plain",
        },
        ["f-2501"] = {
            hash = 2,
            was_free = false,
            colors = {
                [1] = Color3.new(0.952941,0.933333,0.894118),
                [2] = Color3.new(0.952941,0.933333,0.894118),
                [3] = Color3.new(0.662745,0.87451,1),
            },
            no_value = true,
            scale = 0.44,
            cframe = CFrame.new(150.07,57.5103,-124.392,-0.70753,3.30101e-05,0.706683,3.30101e-05,-1,7.9761e-05,0.706683,7.9761e-05,0.70753),
            on = true,
            id = "lightbulb",
        },
        ["f-2867"] = {
            hash = 2,
            colors = {
                [1] = Color3.new(0.580392,0.843137,1),
            },
            was_free = false,
            scale = 0.26,
            cframe = CFrame.new(73.1734,46.4561,-56.2647,0.866097,0,0.499877,0,1,0,-0.499877,0,0.866097),
            no_value = true,
            id = "sphere_v3_glass",
        },
        ["f-2413"] = {
            hash = 2,
            colors = {
                [1] = Color3.new(0.952941,0.933333,0.894118),
            },
            was_free = false,
            scale = 0.86,
            cframe = CFrame.new(131.29,44.7847,-169.071,-0.707134,0,-0.707079,0,1,0,0.707079,0,-0.707134),
            no_value = true,
            id = "column_v1_plain",
        },
        ["f-2520"] = {
            hash = 2,
            colors = {
                [1] = Color3.new(1,0.854902,0.94902),
                [2] = Color3.new(0.631373,0.717647,0.643137),
                [3] = Color3.new(0.568627,0.701961,0.588235),
                [4] = Color3.new(1,1,1),
                [5] = Color3.new(1,0.952941,0.984314),
            },
            was_free = false,
            scale = 1.4,
            cframe = CFrame.new(197.452,89.8872,-71.2874,-1.85966e-05,4.81308e-06,-1,0.484812,0.874618,-4.81308e-06,0.874618,-0.484812,-1.85966e-05),
            no_value = true,
            id = "birthday_2022_botanical_pet_food_bowl",
        },
        ["f-3504"] = {
            hash = 2,
            was_free = false,
            colors = {
                [1] = Color3.new(0.588235,0.847059,1),
                [2] = Color3.new(0.584314,0.847059,1),
                [3] = Color3.new(0.537255,0.827451,1),
            },
            no_value = true,
            scale = 0.85,
            cframe = CFrame.new(117.452,58.9625,-110.064,0.57303,0.304175,0.760995,0.16003,0.869164,-0.467914,-0.803758,0.389911,0.44938),
            on = true,
            id = "space_house_2022_light",
        },
        ["f-1189"] = {
            hash = 2,
            colors = {
                [1] = Color3.new(0.92549,0.898039,0.827451),
            },
            was_free = false,
            scale = 0.36,
            cframe = CFrame.new(166.06,41.9832,-202.785,-0.707134,0,-0.707079,0,1,0,0.707079,0,-0.707134),
            no_value = true,
            id = "wall_tall_stone",
        },
        ["f-3801"] = {
            hash = 2,
            colors = {
                [1] = Color3.new(0.898039,0.878431,0.819608),
                [2] = Color3.new(0.956863,0.941176,0.901961),
                [3] = Color3.new(0.898039,0.878431,0.819608),
                [4] = Color3.new(0.898039,0.878431,0.819608),
                [5] = Color3.new(0.960784,0.952941,0.92549),
                [6] = Color3.new(1,1,1),
            },
            was_free = false,
            scale = 2.09,
            cframe = CFrame.new(162.041,70.1494,-102.789,0.707266,-0,-0.706947,0,1,-0,0.706947,0,0.707266),
            no_value = true,
            id = "halloween_2023_candelabra_light",
        },
        ["f-2898"] = {
            hash = 2,
            colors = {
                [1] = Color3.new(0.952941,0.933333,0.894118),
                [2] = Color3.new(0.952941,0.933333,0.894118),
            },
            was_free = false,
            scale = 0.69,
            cframe = CFrame.new(136.852,50.1663,-128.568,-0.707134,0,-0.707079,0,1,0,0.707079,0,-0.707134),
            no_value = true,
            id = "queenslander_wall_straight",
        },
        ["f-2679"] = {
            hash = 2,
            colors = {
                [1] = Color3.new(0.580392,0.733333,0.576471),
                [2] = Color3.new(0.580392,0.733333,0.576471),
            },
            was_free = false,
            scale = 1.19,
            cframe = CFrame.new(155.018,68.2911,-69.2576,1,0,0,0,-0.629286,-0.777174,0,0.777174,-0.629286),
            no_value = true,
            id = "biodome_2022_long_leaf",
        },
        ["f-2260"] = {
            hash = 2,
            colors = {
                [1] = Color3.new(0.513726,0.623529,0.529412),
                [2] = Color3.new(0.513726,0.623529,0.529412),
            },
            was_free = false,
            scale = 0.21,
            cframe = CFrame.new(169.145,50.3782,19.9968,-0.866231,0,0.499644,0,1,0,-0.499644,0,-0.866231),
            no_value = true,
            id = "biodome_2022_large_tree",
        },
        ["f-560"] = {
            hash = 2,
            colors = {
                [1] = Color3.new(0.952941,0.933333,0.894118),
            },
            was_free = false,
            scale = 0.67,
            cframe = CFrame.new(134.568,47.1248,-172.17,-0.707134,0,0.707079,0,1,0,-0.707079,0,-0.707134),
            no_value = true,
            id = "queenslander_door_frame",
        },
        ["f-3306"] = {
            hash = 2,
            was_free = false,
            colors = {
                [1] = Color3.new(0.588235,0.847059,1),
                [2] = Color3.new(0.584314,0.847059,1),
                [3] = Color3.new(0.537255,0.827451,1),
            },
            no_value = true,
            scale = 0.67,
            cframe = CFrame.new(130.017,46.2302,-95.9199,1,0,0,0,1,0,0,0,1),
            on = true,
            id = "space_house_2022_light",
        },
        ["f-1747"] = {
            hash = 2,
            colors = {
                [1] = Color3.new(0.898039,0.878431,0.819608),
                [2] = Color3.new(0.956863,0.941176,0.901961),
                [3] = Color3.new(0.898039,0.878431,0.819608),
                [4] = Color3.new(0.898039,0.878431,0.819608),
                [5] = Color3.new(0.960784,0.952941,0.92549),
                [6] = Color3.new(1,1,1),
            },
            was_free = false,
            scale = 1.99,
            cframe = CFrame.new(135.6,49.4883,1.7,-0.258864,0,0.965914,0,1,0,-0.965914,0,-0.258864),
            no_value = true,
            id = "halloween_2023_candelabra_light",
        },
        ["f-3586"] = {
            hash = 2,
            colors = {
                [1] = Color3.new(1,0.760784,0.862745),
            },
            was_free = false,
            scale = 0.44,
            cframe = CFrame.new(121.145,81.6656,-104.467,0.651705,-0.32893,0.683437,0.101548,0.930797,0.351148,-0.751644,-0.159444,0.640007),
            no_value = true,
            id = "torus_v2_plain",
        },
        ["f-204"] = {
            hash = 2,
            colors = {
                [1] = Color3.new(0.843137,0.827451,0.788235),
            },
            was_free = false,
            scale = 0.5,
            cframe = CFrame.new(138.046,45.1516,-128.363,1.44243e-05,-0.707154,-0.70706,-1,-1.44243e-05,-5.99027e-06,-5.99027e-06,0.70706,-0.707154),
            no_value = true,
            id = "trim_v3_top_stone",
        },
        ["f-10"] = {
            hash = 2,
            colors = {
                [1] = Color3.new(0.952941,0.933333,0.894118),
            },
            was_free = false,
            scale = 1.82,
            cframe = CFrame.new(136.265,59.4966,-129.905,-0.707134,0,-0.707079,0,1,0,0.707079,0,-0.707134),
            no_value = true,
            id = "column_v1_plain",
        },
        ["f-1272"] = {
            hash = 2,
            colors = {
                [1] = Color3.new(1,1,1),
            },
            was_free = false,
            scale = 0.18,
            cframe = CFrame.new(129.841,63.8335,-136.929,1.44243e-05,-0.707154,-0.70706,-1,-1.44243e-05,-5.99027e-06,-5.99027e-06,0.70706,-0.707154),
            no_value = true,
            id = "torus_v3_stone",
        },
        ["f-2772"] = {
            hash = 2,
            colors = {
                [1] = Color3.new(0.580392,0.733333,0.576471),
                [2] = Color3.new(0.580392,0.733333,0.576471),
                [3] = Color3.new(0.580392,0.733333,0.576471),
                [4] = Color3.new(0.580392,0.733333,0.576471),
                [5] = Color3.new(0.580392,0.733333,0.576471),
            },
            was_free = false,
            scale = 1.07,
            cframe = CFrame.new(200.746,86.6948,-7.15237,-0.96593,0,-0.258805,0,1,0,0.258805,0,-0.96593),
            no_value = true,
            id = "queenslander_rubber_tree",
        },
        ["f-669"] = {
            hash = 2,
            colors = {
                [1] = Color3.new(0.843137,0.827451,0.788235),
            },
            was_free = false,
            scale = 3.55,
            cframe = CFrame.new(120.41,39.386,-170.039,-0.707134,0,-0.707079,0,1,0,0.707079,0,-0.707134),
            no_value = true,
            id = "beam_v3_plain",
        },
        ["f-1973"] = {
            hash = 2,
            colors = {
                [1] = Color3.new(0.627451,0.862745,1),
            },
            was_free = false,
            scale = 3.95,
            cframe = CFrame.new(264.607,48.8782,54.5367,0.866409,-0,-0.499335,0,1,-0,0.499335,0,0.866409),
            no_value = true,
            id = "door_cutout_rounded_wood",
        },
        ["f-2653"] = {
            hash = 2,
            colors = {
                [1] = Color3.new(0.952941,0.933333,0.894118),
                [2] = Color3.new(0.952941,0.933333,0.894118),
            },
            was_free = false,
            scale = 0.69,
            cframe = CFrame.new(134.536,63.1711,-130.888,-0.707134,0,-0.707079,0,1,0,0.707079,0,-0.707134),
            no_value = true,
            id = "queenslander_wall_straight",
        },
        ["f-2120"] = {
            hash = 2,
            colors = {
                [1] = Color3.new(0.843137,0.827451,0.788235),
            },
            was_free = false,
            scale = 1.04,
            cframe = CFrame.new(141.079,100.9,-150.556,-0.707154,-0.70706,5.99027e-06,-5.99027e-06,1.44243e-05,1,-0.70706,0.707154,-1.44243e-05),
            no_value = true,
            id = "torus_v3_stone",
        },
        ["f-3793"] = {
            hash = 2,
            was_free = false,
            colors = {
                [1] = Color3.new(0.654902,0.843137,1),
                [2] = Color3.new(0.639216,0.635294,0.647059),
            },
            no_value = true,
            scale = 0.05,
            cframe = CFrame.new(219.08,56.7604,-23.9133,0.866186,0,0.499722,0,1,0,-0.499722,0,0.866186),
            on = true,
            id = "hospital_refresh_2023_ceiling_light",
        },
        ["f-2325"] = {
            hash = 2,
            colors = {
                [1] = Color3.new(0.580392,0.733333,0.576471),
                [2] = Color3.new(0.580392,0.733333,0.576471),
                [3] = Color3.new(0.580392,0.733333,0.576471),
                [4] = Color3.new(0.580392,0.733333,0.576471),
                [5] = Color3.new(0.580392,0.733333,0.576471),
            },
            was_free = false,
            scale = 1.22,
            cframe = CFrame.new(84.9311,40.1897,-157.77,0.970287,0,0.241956,0,1,0,-0.241956,0,0.970287),
            no_value = true,
            id = "queenslander_rubber_tree",
        },
        ["f-2749"] = {
            hash = 2,
            colors = {
                [1] = Color3.new(0.843137,0.827451,0.788235),
            },
            was_free = false,
            scale = 0.5,
            cframe = CFrame.new(143.567,62.9397,-122.843,1.44243e-05,-0.707154,-0.70706,-1,-1.44243e-05,-5.99027e-06,-5.99027e-06,0.70706,-0.707154),
            no_value = true,
            id = "trim_v3_top_stone",
        },
        ["f-958"] = {
            hash = 2,
            colors = {
                [1] = Color3.new(0.952941,0.933333,0.894118),
            },
            was_free = false,
            scale = 0.59,
            cframe = CFrame.new(146.004,47.6335,-108.899,0.707134,0,-0.707079,0,-1,-0,-0.707079,0,-0.707134),
            no_value = true,
            id = "queenslander_door_frame",
        },
        ["f-868"] = {
            hash = 2,
            colors = {
                [1] = Color3.new(0.952941,0.933333,0.894118),
            },
            was_free = false,
            scale = 1.4,
            cframe = CFrame.new(123.155,52.6331,-159.017,-0.707134,0,-0.707079,0,1,0,0.707079,0,-0.707134),
            no_value = true,
            id = "column_v1_plain",
        },
        ["f-2672"] = {
            hash = 2,
            colors = {
                [1] = Color3.new(1,1,1),
            },
            was_free = false,
            scale = 1.83,
            cframe = CFrame.new(136.485,76.9401,-11.6306,0.808762,0.588136,2.32458e-06,2.32458e-06,-7.15256e-06,1,0.588136,-0.808762,-7.15256e-06),
            no_value = true,
            id = "queenslander_door_frame",
        },
        ["f-638"] = {
            hash = 2,
            colors = {
                [1] = Color3.new(0.580392,0.733333,0.576471),
                [2] = Color3.new(0.580392,0.733333,0.576471),
                [3] = Color3.new(0.580392,0.733333,0.576471),
                [4] = Color3.new(0.580392,0.733333,0.576471),
                [5] = Color3.new(0.580392,0.733333,0.576471),
            },
            was_free = false,
            scale = 0.57,
            cframe = CFrame.new(124.583,125.525,-159.491,-0.707134,0,-0.707079,0,1,0,0.707079,0,-0.707134),
            no_value = true,
            id = "queenslander_rubber_tree",
        },
        ["f-2332"] = {
            hash = 2,
            colors = {
                [1] = Color3.new(0.580392,0.733333,0.576471),
                [2] = Color3.new(0.580392,0.733333,0.576471),
                [3] = Color3.new(0.580392,0.733333,0.576471),
                [4] = Color3.new(0.580392,0.733333,0.576471),
                [5] = Color3.new(0.580392,0.733333,0.576471),
            },
            was_free = false,
            scale = 1.3,
            cframe = CFrame.new(96.9761,58.304,-158.282,1,0,0,0,1,0,0,0,1),
            no_value = true,
            id = "queenslander_rubber_tree",
        },
        ["f-3547"] = {
            hash = 2,
            colors = {
                [1] = Color3.new(0.545098,0.654902,0.717647),
                [2] = Color3.new(0.690196,0.878431,0.992157),
                [3] = Color3.new(0.596078,0.760784,0.858824),
            },
            was_free = false,
            scale = 0.44,
            cframe = CFrame.new(124.444,113.663,-154.289,0.499787,-0.707117,0.500198,0.707462,9.15527e-05,-0.706751,0.49971,0.707096,0.500305),
            no_value = true,
            id = "moon_house_2025_space_flower",
        },
        ["f-676"] = {
            hash = 2,
            colors = {
                [1] = Color3.new(0.952941,0.933333,0.894118),
            },
            was_free = false,
            scale = 1.91,
            cframe = CFrame.new(59.9472,37.5923,-93.1239,0.707134,0,-0.707079,0,-1,-0,-0.707079,0,-0.707134),
            no_value = true,
            id = "queenslander_door_frame",
        },
        ["f-429"] = {
            hash = 2,
            colors = {
                [1] = Color3.new(0.952941,0.933333,0.894118),
            },
            was_free = false,
            scale = 0.67,
            cframe = CFrame.new(175.125,52.3401,-114.328,0.707134,-0,-0.707079,0,1,-0,0.707079,0,0.707134),
            no_value = true,
            id = "queenslander_door_frame",
        },
        ["f-2320"] = {
            hash = 2,
            colors = {
                [1] = Color3.new(1,0.764706,0.917647),
                [2] = Color3.new(1,0.764706,0.917647),
                [3] = Color3.new(1,0.764706,0.917647),
                [4] = Color3.new(1,0.764706,0.917647),
                [5] = Color3.new(0.352941,0.298039,0.258824),
                [6] = Color3.new(0.356863,0.364706,0.411765),
            },
            was_free = false,
            scale = 4.6,
            cframe = CFrame.new(274.022,23.2422,-69.6886,-1.45435e-05,-0.707154,-0.70706,1,-1.45435e-05,-5.93066e-06,-5.93066e-06,-0.70706,0.707154),
            no_value = true,
            id = "reclaimed_2023_planter",
        },
        ["f-2713"] = {
            hash = 2,
            was_free = false,
            colors = {
                [1] = Color3.new(0.654902,0.843137,1),
                [2] = Color3.new(0.639216,0.635294,0.647059),
            },
            no_value = true,
            scale = 0.05,
            cframe = CFrame.new(243.073,42.6605,-55.7656,0.866186,0,0.499722,0,1,0,-0.499722,0,0.866186),
            on = true,
            id = "hospital_refresh_2023_ceiling_light",
        },
        ["f-2854"] = {
            hash = 2,
            colors = {
                [1] = Color3.new(0.572549,0.72549,0.854902),
            },
            was_free = false,
            scale = 0.09,
            cframe = CFrame.new(76.0204,44.3484,-45.0144,-0.258864,0,0.965914,0,1,0,-0.965914,0,-0.258864),
            no_value = true,
            id = "round_wall_v2_plain",
        },
        ["f-2877"] = {
            hash = 2,
            colors = {
                [1] = Color3.new(0.87451,0.764706,0.835294),
                [2] = Color3.new(0.937255,0.854902,0.909804),
                [3] = Color3.new(0.87451,0.764706,0.835294),
                [4] = Color3.new(0.87451,0.764706,0.835294),
                [5] = Color3.new(0.87451,0.764706,0.835294),
            },
            was_free = false,
            scale = 4.51,
            cframe = CFrame.new(197.011,93.6489,8.12073,0.188375,-0.866233,0.462769,-0.926243,-5.87702e-05,0.376927,-0.326479,-0.499641,-0.802353),
            no_value = true,
            id = "ice_flower",
        },
        ["f-1805"] = {
            hash = 2,
            was_free = false,
            colors = {
                [1] = Color3.new(0,0.627451,1),
                [2] = Color3.new(0.639216,0.635294,0.647059),
            },
            no_value = true,
            scale = 0.05,
            cframe = CFrame.new(194.682,60.6165,-134.52,-0.707154,0.70706,5.99027e-06,-5.99027e-06,-1.44243e-05,1,0.70706,0.707154,1.44243e-05),
            on = true,
            id = "hospital_refresh_2023_ceiling_light",
        },
        ["f-1510"] = {
            hash = 2,
            colors = {
                [1] = Color3.new(1,1,1),
                [2] = Color3.new(0.803922,0.803922,0.803922),
            },
            was_free = false,
            scale = 1,
            cframe = CFrame.new(153.785,41.7827,-106.883,-0.706873,0.70734,5.39422e-06,5.39422e-06,1.29938e-05,-1,-0.70734,-0.706873,-1.29938e-05),
            no_value = true,
            id = "winter_2022_icewall_straight01",
        },
        ["f-3668"] = {
            hash = 2,
            colors = {
                [1] = Color3.new(0.898039,0.878431,0.819608),
                [2] = Color3.new(0.956863,0.941176,0.901961),
                [3] = Color3.new(0.898039,0.878431,0.819608),
                [4] = Color3.new(0.898039,0.878431,0.819608),
                [5] = Color3.new(0.960784,0.952941,0.92549),
                [6] = Color3.new(1,1,1),
            },
            was_free = false,
            scale = 1.99,
            cframe = CFrame.new(135.6,49.4883,1.7,-0.96593,0,-0.258805,0,1,0,0.258805,0,-0.96593),
            no_value = true,
            id = "halloween_2023_candelabra_light",
        },
        ["f-2249"] = {
            hash = 2,
            colors = {
                [1] = Color3.new(0.909804,0.792157,0.870588),
                [2] = Color3.new(0.909804,0.792157,0.870588),
                [3] = Color3.new(0.909804,0.792157,0.870588),
                [4] = Color3.new(0.909804,0.792157,0.870588),
                [5] = Color3.new(0.909804,0.792157,0.870588),
                [6] = Color3.new(0.909804,0.792157,0.870588),
            },
            was_free = false,
            scale = 2.4,
            cframe = CFrame.new(187.801,54.0654,6.41971,-0.249693,-0.866056,0.433128,-0.866056,-0.000337839,-0.499946,0.433128,-0.499946,-0.749969),
            no_value = true,
            id = "reclaimed_2023_planter",
        },
        ["f-1176"] = {
            hash = 2,
            colors = {
                [1] = Color3.new(0.72549,0.8,0.843137),
                [2] = Color3.new(0.72549,0.8,0.843137),
            },
            was_free = false,
            scale = 2.43,
            cframe = CFrame.new(201.186,82.8105,-0.59198,-0.468097,-0.866156,0.175099,-0.350337,-1.13249e-05,-0.936624,0.811264,-0.499775,-0.303441),
            no_value = true,
            id = "threefurn_2025_heart_bunting",
        },
        ["f-3694"] = {
            hash = 2,
            colors = {
                [1] = Color3.new(0.631373,0.631373,0.631373),
            },
            was_free = false,
            scale = 1.6,
            cframe = CFrame.new(261.861,102.424,37.527,8.24928e-05,-0.86645,0.499263,-1,-5.09024e-05,7.68155e-05,-4.11421e-05,-0.499263,-0.86645),
            no_value = true,
            id = "large_island_rock",
        },
        ["f-513"] = {
            hash = 2,
            colors = {
                [1] = Color3.new(0.572549,0.72549,0.854902),
            },
            was_free = false,
            scale = 0.1,
            cframe = CFrame.new(151.724,68.7112,-52.6418,0.258759,0,-0.965942,0,-1,-0,-0.965942,0,-0.258759),
            no_value = true,
            id = "round_wall_v2_plain",
        },
        ["f-2852"] = {
            hash = 2,
            colors = {
                [1] = Color3.new(0.580392,0.733333,0.576471),
                [2] = Color3.new(0.580392,0.733333,0.576471),
            },
            was_free = false,
            scale = 0.95,
            cframe = CFrame.new(164.62,70.3623,21.0554,-0.866251,0.353336,-0.353219,-0.00012207,-0.70714,-0.707074,-0.49961,-0.61246,0.612603),
            no_value = true,
            id = "biodome_2022_long_leaf",
        },
        ["f-597"] = {
            hash = 2,
            colors = {
                [1] = Color3.new(0.580392,0.733333,0.576471),
                [2] = Color3.new(0.580392,0.733333,0.576471),
                [3] = Color3.new(0.580392,0.733333,0.576471),
                [4] = Color3.new(0.580392,0.733333,0.576471),
                [5] = Color3.new(0.580392,0.733333,0.576471),
            },
            was_free = false,
            scale = 1.38,
            cframe = CFrame.new(148.049,60.6934,-46.9003,0.965862,-0,-0.259057,0,1,-0,0.259057,0,0.965862),
            no_value = true,
            id = "queenslander_rubber_tree",
        },
        ["f-1202"] = {
            hash = 2,
            colors = {
                [1] = Color3.new(1,1,1),
            },
            was_free = false,
            scale = 0.06,
            cframe = CFrame.new(138.077,50.7217,-127.393,1.44243e-05,-0.707154,-0.70706,-1,-1.44243e-05,-5.99027e-06,-5.99027e-06,0.70706,-0.707154),
            no_value = true,
            id = "sphere_v2_plain",
        },
        ["f-1743"] = {
            hash = 2,
            colors = {
                [1] = Color3.new(1,1,1),
                [2] = Color3.new(1,1,1),
                [3] = Color3.new(1,0.552941,0.847059),
                [4] = Color3.new(0.670588,0.796078,0.87451),
            },
            was_free = false,
            scale = 4.12,
            cframe = CFrame.new(77.7073,73.9633,-67.2873,0.682985,0.370603,-0.629432,-0.25879,-0.683054,-0.682983,-0.683051,0.629358,-0.370608),
            no_value = true,
            id = "nye_2024_twig_table_lights",
        },
        ["f-1382"] = {
            hash = 2,
            was_free = false,
            colors = {
                [1] = Color3.new(0.823529,0.788235,0.721569),
                [2] = Color3.new(0.823529,0.788235,0.721569),
                [3] = Color3.new(0.662745,0.87451,1),
            },
            no_value = true,
            scale = 1,
            cframe = CFrame.new(219.17,94.5994,-39.6764,-0.866007,-0,-0.500031,0,-1,0,-0.500031,0,0.866007),
            on = true,
            id = "lightbulb",
        },
        ["f-701"] = {
            hash = 2,
            colors = {
                [1] = Color3.new(0.580392,0.733333,0.576471),
                [2] = Color3.new(0.580392,0.733333,0.576471),
            },
            was_free = false,
            scale = 1.19,
            cframe = CFrame.new(155.018,68.2911,-69.2576,1,0,0,0,-0.629286,-0.777174,0,0.777174,-0.629286),
            no_value = true,
            id = "biodome_2022_long_leaf",
        },
        ["f-435"] = {
            hash = 2,
            colors = {
                [1] = Color3.new(0.580392,0.733333,0.576471),
            },
            was_free = false,
            scale = 0.59,
            cframe = CFrame.new(66.1384,13.5742,-22.666,0.866588,0,0.499025,0,1,0,-0.499025,0,0.866588),
            no_value = true,
            id = "snowmound_v1",
        },
        ["f-1265"] = {
            hash = 2,
            was_free = false,
            colors = {
                [1] = Color3.new(0.588235,0.847059,1),
                [2] = Color3.new(0.584314,0.847059,1),
                [3] = Color3.new(0.537255,0.827451,1),
            },
            no_value = true,
            scale = 0.85,
            cframe = CFrame.new(196.152,69.5816,-57.7429,1,-0,0,0,0.874623,0.484804,-0,-0.484804,0.874623),
            on = true,
            id = "space_house_2022_light",
        },
        ["f-2946"] = {
            hash = 2,
            was_free = false,
            colors = {
                [1] = Color3.new(0.588235,0.847059,1),
                [2] = Color3.new(0.584314,0.847059,1),
                [3] = Color3.new(0.537255,0.827451,1),
            },
            no_value = true,
            scale = 0.67,
            cframe = CFrame.new(130.017,50.3767,-95.9199,1,0,0,0,1,0,0,0,1),
            on = true,
            id = "space_house_2022_light",
        },
        ["f-3791"] = {
            hash = 2,
            colors = {
                [1] = Color3.new(0.513726,0.623529,0.529412),
                [2] = Color3.new(0.513726,0.623529,0.529412),
                [3] = Color3.new(0.513726,0.623529,0.529412),
            },
            was_free = false,
            scale = 1.93,
            cframe = CFrame.new(65.4668,-17.0021,-57.6,1,0,0,0,1,0,0,0,1),
            no_value = true,
            id = "medium_island_tree",
        },
        ["f-2106"] = {
            hash = 2,
            colors = {
                [1] = Color3.new(0.952941,0.933333,0.894118),
            },
            was_free = false,
            scale = 1.25,
            cframe = CFrame.new(99.959,61.4331,6.52148,-1,0,0,0,1,0,0,0,-1),
            no_value = true,
            id = "column_v1_plain",
        },
        ["f-2371"] = {
            hash = 2,
            colors = {
                [1] = Color3.new(0.572549,0.52549,0.494118),
            },
            was_free = false,
            scale = 0.11,
            cframe = CFrame.new(189.504,65.7524,1.53606,-0.866229,0.242213,-0.437014,-0.000146814,-0.874767,-0.484545,-0.499648,-0.419662,0.757783),
            no_value = true,
            id = "bevelled_cylinderv1_stone",
        },
        ["f-849"] = {
            hash = 2,
            colors = {
                [1] = Color3.new(1,1,1),
            },
            was_free = false,
            scale = 0.33,
            cframe = CFrame.new(127.177,69.4172,-146.547,1.44243e-05,-0.707154,-0.70706,-1,-1.44243e-05,-5.99027e-06,-5.99027e-06,0.70706,-0.707154),
            no_value = true,
            id = "torus_v3_stone",
        },
        ["f-1913"] = {
            hash = 2,
            colors = {
                [1] = Color3.new(1,0.576471,0.682353),
                [2] = Color3.new(1,0.647059,0.878431),
                [3] = Color3.new(1,0.65098,0.807843),
            },
            was_free = false,
            scale = 1.09,
            cframe = CFrame.new(91.817,41.7642,-128.8,0.707663,-0,-0.706551,0,1,-0,0.706551,0,0.707663),
            no_value = true,
            id = "moon_house_2025_space_flower",
        },
        ["f-1974"] = {
            hash = 2,
            colors = {
                [1] = Color3.new(1,0.760784,0.862745),
            },
            was_free = false,
            scale = 0.44,
            cframe = CFrame.new(188.361,98.3722,-32.3323,0.993836,-0.0847095,-0.0715203,-0.04597,0.272168,-0.961151,0.100884,0.958514,0.266596),
            no_value = true,
            id = "torus_v2_plain",
        },
        ["f-1228"] = {
            hash = 2,
            colors = {
                [1] = Color3.new(1,0.764706,0.917647),
                [2] = Color3.new(1,0.764706,0.917647),
                [3] = Color3.new(1,0.764706,0.917647),
                [4] = Color3.new(1,0.764706,0.917647),
                [5] = Color3.new(1,0.764706,0.917647),
            },
            was_free = false,
            scale = 0.88,
            cframe = CFrame.new(211.584,72.7141,0.740439,-0.96593,0,-0.258805,0,1,0,0.258805,0,-0.96593),
            no_value = true,
            id = "queenslander_rubber_tree",
        },
        ["f-843"] = {
            hash = 2,
            colors = {
                [1] = Color3.new(0.952941,0.933333,0.894118),
            },
            was_free = false,
            scale = 1.11,
            cframe = CFrame.new(122.843,99.27,-155.943,-0.96593,0,-0.258805,0,1,0,0.258805,0,-0.96593),
            no_value = true,
            id = "queenslander_door_frame",
        },
        ["f-727"] = {
            hash = 2,
            was_free = false,
            colors = {
                [1] = Color3.new(0.654902,0.843137,1),
                [2] = Color3.new(0.639216,0.635294,0.647059),
            },
            no_value = true,
            scale = 0.05,
            cframe = CFrame.new(237.693,52.6604,-46.0812,0.866186,0,0.499722,0,1,0,-0.499722,0,0.866186),
            on = true,
            id = "hospital_refresh_2023_ceiling_light",
        },
        ["f-844"] = {
            hash = 2,
            colors = {
                [1] = Color3.new(0.545098,0.654902,0.717647),
                [2] = Color3.new(0.690196,0.878431,0.992157),
                [3] = Color3.new(0.596078,0.760784,0.858824),
            },
            was_free = false,
            scale = 0.53,
            cframe = CFrame.new(158.232,42.8208,-170.451,0.4997,0,0.866198,0,1,0,-0.866198,0,0.4997),
            no_value = true,
            id = "moon_house_2025_space_flower",
        },
        ["f-3736"] = {
            hash = 2,
            colors = {
                [1] = Color3.new(0.694118,0.784314,0.839216),
                [2] = Color3.new(0.694118,0.741176,0.772549),
            },
            was_free = false,
            scale = 1,
            cframe = CFrame.new(190.186,42.3862,-133.379,-0.70687,0,0.707344,0,1,0,-0.707344,0,-0.70687),
            no_value = true,
            id = "basiccrib",
        },
        ["f-748"] = {
            hash = 2,
            colors = {
                [1] = Color3.new(1,0.764706,0.917647),
                [2] = Color3.new(1,0.764706,0.917647),
                [3] = Color3.new(1,0.764706,0.917647),
                [4] = Color3.new(1,0.764706,0.917647),
                [5] = Color3.new(1,0.764706,0.917647),
            },
            was_free = false,
            scale = 0.5,
            cframe = CFrame.new(118.17,76.247,-104.636,0.57303,0.304175,0.760995,0.16003,0.869164,-0.467914,-0.803758,0.389911,0.44938),
            no_value = true,
            id = "queenslander_rubber_tree",
        },
        ["f-1689"] = {
            hash = 2,
            was_free = false,
            colors = {
                [1] = Color3.new(0,0.619608,0.988235),
                [2] = Color3.new(0.639216,0.635294,0.647059),
            },
            no_value = true,
            scale = 1,
            cframe = CFrame.new(184.804,38.9822,-157.161,0.866186,0,0.499722,0,1,0,-0.499722,0,0.866186),
            on = true,
            id = "hospital_refresh_2023_ceiling_light",
        },
        ["f-3509"] = {
            hash = 2,
            was_free = false,
            colors = {
                [1] = Color3.new(0.823529,0.788235,0.721569),
                [2] = Color3.new(0.823529,0.788235,0.721569),
                [3] = Color3.new(0.662745,0.87451,1),
            },
            no_value = true,
            scale = 1,
            cframe = CFrame.new(190.947,93.9253,10.8334,0.866186,0,0.499722,0,-1,0,0.499722,0,-0.866186),
            on = true,
            id = "lightbulb",
        },
        ["f-2798"] = {
            hash = 2,
            colors = {
                [1] = Color3.new(0.654902,0.843137,1),
            },
            was_free = false,
            scale = 0.13,
            cframe = CFrame.new(180.569,67.4954,-63.9122,-0.707069,0,-0.707146,0,1,0,0.707146,0,-0.707069),
            no_value = true,
            id = "biodome_2022_long_bush",
        },
        ["f-503"] = {
            hash = 2,
            colors = {
                [1] = Color3.new(1,0.745098,0.913725),
                [2] = Color3.new(0.8,0.92549,1),
            },
            was_free = false,
            scale = 0.63,
            cframe = CFrame.new(178.901,84.7461,42.44,-7.41482e-05,-0.86623,0.499646,-1,7.41482e-05,-1.98632e-05,-1.98632e-05,-0.499646,-0.86623),
            no_value = true,
            id = "winter_2024_lights",
        },
        ["f-28"] = {
            hash = 2,
            colors = {
                [1] = Color3.new(0.952941,0.933333,0.894118),
            },
            was_free = false,
            scale = 0.98,
            cframe = CFrame.new(137.482,116.587,-155.567,-0.707134,0,-0.707079,0,1,0,0.707079,0,-0.707134),
            no_value = true,
            id = "column_v1_plain",
        },
        ["f-1212"] = {
            hash = 2,
            colors = {
                [1] = Color3.new(0.545098,0.792157,1),
            },
            was_free = false,
            scale = 0.16,
            cframe = CFrame.new(93.522,42.3029,-140.928,1,0,0,0,1,0,0,0,1),
            no_value = true,
            id = "torus_v1_stone",
        },
        ["f-3683"] = {
            hash = 2,
            colors = {
                [1] = Color3.new(0.952941,0.933333,0.894118),
            },
            was_free = false,
            scale = 0.98,
            cframe = CFrame.new(145.165,82.2314,-128.538,-0.707134,0,-0.707079,0,1,0,0.707079,0,-0.707134),
            no_value = true,
            id = "column_v1_plain",
        },
        ["f-1099"] = {
            hash = 2,
            was_free = false,
            colors = {
                [1] = Color3.new(0.380392,0.768627,1),
                [2] = Color3.new(0.639216,0.635294,0.647059),
            },
            no_value = true,
            scale = 0.06,
            cframe = CFrame.new(69.7663,14.4575,-97.5244,-0.179982,-0.683989,-0.706941,-0.966999,0.25478,-0.000317544,0.180332,0.683555,-0.707272),
            on = true,
            id = "hospital_refresh_2023_ceiling_light",
        },
        ["f-223"] = {
            hash = 2,
            was_free = false,
            colors = {
                [1] = Color3.new(0.952941,0.933333,0.894118),
                [2] = Color3.new(0.952941,0.933333,0.894118),
                [3] = Color3.new(1,1,1),
            },
            no_value = true,
            scale = 0.77,
            cframe = CFrame.new(104.871,101.784,-156.804,0.707134,0,-0.707079,0,-1,-0,-0.707079,0,-0.707134),
            on = true,
            id = "lightbulb",
        },
        ["f-1010"] = {
            hash = 2,
            colors = {
                [1] = Color3.new(0.952941,0.933333,0.894118),
            },
            was_free = false,
            scale = 1.39,
            cframe = CFrame.new(152,41.9238,-103.519,-0.707134,0,-0.707079,0,1,0,0.707079,0,-0.707134),
            no_value = true,
            id = "column_v1_plain",
        },
        ["f-880"] = {
            hash = 2,
            colors = {
                [1] = Color3.new(0.654902,0.843137,1),
            },
            was_free = false,
            scale = 0.11,
            cframe = CFrame.new(73.1926,51.8213,-63.3059,-0.96593,0,-0.258805,0,1,0,0.258805,0,-0.96593),
            no_value = true,
            id = "biodome_2022_long_bush",
        },
        ["f-3748"] = {
            hash = 2,
            colors = {
                [1] = Color3.new(0.4,0.4,0.4),
            },
            was_free = false,
            scale = 0.79,
            cframe = CFrame.new(222.8,50.0867,11.7998,-0.965907,0,0.258889,0,1,0,-0.258889,0,-0.965907),
            no_value = true,
            id = "biodome_2022_large_rock",
        },
        ["f-193"] = {
            hash = 2,
            colors = {
                [1] = Color3.new(0.627451,0.862745,1),
            },
            was_free = false,
            scale = 4.74,
            cframe = CFrame.new(309.786,96.7197,-17.6221,1,0,0,0,1,0,0,0,1),
            no_value = true,
            id = "door_cutout_rounded_wood",
        },
        ["f-1860"] = {
            hash = 2,
            colors = {
                [1] = Color3.new(0.843137,0.827451,0.788235),
            },
            was_free = false,
            scale = 0.85,
