return {
    furniture = {
        ["f-1651"] = {
            hash = 2,
            colors = {
                [1] = Color3.new(1,0.815686,0.937255),
            },
            was_free = false,
            scale = 0.47,
            cframe = CFrame.new(30.938,6.40079,-18.603,0.808303,-0.0492378,-0.586705,0.0341495,0.99874,-0.0367691,0.587776,0.00968486,0.808966),
            no_value = true,
            id = "sphere_v3_plain",
        },
        ["f-760"] = {
            hash = 2,
            colors = {
                [1] = Color3.new(1,0.792157,0.929412),
                [2] = Color3.new(0.972549,0.972549,0.972549),
            },
            was_free = false,
            scale = 0.43,
            cframe = CFrame.new(23.7173,-0.276367,26.6045,0,0,1,0,1,-0,-1,0,0),
            no_value = true,
            id = "heartrug",
        },
        ["f-2602"] = {
            hash = 2,
            colors = {
                [1] = Color3.new(1,1,1),
            },
            was_free = false,
            scale = 0.14,
            cframe = CFrame.new(36.5593,8.51562,26.8501,0.0697864,-0.997562,-5.27501e-06,-5.27501e-06,-5.72205e-06,1,-0.997562,-0.0697865,-5.72205e-06),
            no_value = true,
            id = "medium_disk",
        },
        ["f-1531"] = {
            hash = 2,
            colors = {
                [1] = Color3.new(1,1,0.756863),
            },
            was_free = false,
            scale = 0.06,
            cframe = CFrame.new(42.8062,8.7844,25.6436,0,0,1,-1,0,0,0,-1,0),
            no_value = true,
            id = "sphere_v3_plain",
        },
        ["f-2572"] = {
            hash = 2,
            colors = {
                [1] = Color3.new(0.627451,0.721569,0.835294),
                [2] = Color3.new(1,0.784314,0.92549),
            },
            was_free = false,
            scale = 0.91,
            cframe = CFrame.new(5.41148,11.564,38.707,0,1,0,0,0,-1,-1,0,0),
            no_value = true,
            id = "normalwindow",
        },
        ["f-2501"] = {
            hash = 2,
            colors = {
                [1] = Color3.new(1,1,0.756863),
            },
            was_free = false,
            scale = 0.06,
            cframe = CFrame.new(52.4019,10.1391,25.6436,0,0,1,-1,0,0,0,-1,0),
            no_value = true,
            id = "sphere_v3_plain",
        },
        ["f-2867"] = {
            hash = 2,
            colors = {
                [1] = Color3.new(1,1,1),
            },
            was_free = false,
            scale = 0.19,
            cframe = CFrame.new(6.2437,9.19922,20.084,0,1,-0,-1,0,0,0,0,1),
            no_value = true,
            id = "medium_disk",
        },
        ["f-2520"] = {
            hash = 2,
            colors = {
                [1] = Color3.new(1,1,1),
            },
            was_free = false,
            scale = 0.24,
            cframe = CFrame.new(12.8091,14.467,50.7803,1,0,-0,0,0,1,0,-1,0),
            no_value = true,
            id = "medium_disk",
        },
        ["f-418"] = {
            hash = 2,
            colors = {
                [1] = Color3.new(1,1,0.756863),
            },
            was_free = false,
            scale = 0.06,
            cframe = CFrame.new(29.6094,16.4919,45.4219,0,-1,-0,-1,0,-0,0,0,-1),
            no_value = true,
            id = "sphere_v3_plain",
        },
        ["f-1189"] = {
            hash = 2,
            colors = {
                [1] = Color3.new(1,1,0.756863),
            },
            was_free = false,
            scale = 0.06,
            cframe = CFrame.new(52.0183,10.2651,-6.33789,0,0,-1,-1,0,0,0,1,0),
            no_value = true,
            id = "sphere_v3_plain",
        },
        ["f-2789"] = {
            hash = 2,
            colors = {
                [1] = Color3.new(1,1,0.792157),
            },
            was_free = false,
            scale = 0.15,
            cframe = CFrame.new(8.23566,3.33251,3.06379,-0.585652,0.527246,0.615649,-0.669081,-0.743189,-8.31485e-06,0.45754,-0.411924,0.78802),
            no_value = true,
            id = "bevelled_cylinderv3_plain",
        },
        ["f-3801"] = {
            hash = 2,
            colors = {
                [1] = Color3.new(0.639216,0.635294,0.647059),
                [2] = Color3.new(1,1,1),
            },
            was_free = false,
            scale = 1,
            cframe = CFrame.new(38.4932,-1.09106,-4.82715,-1,0,0,0,1,0,0,0,-1),
            no_value = true,
            id = "queenslander_wall_straight",
        },
        ["f-3107"] = {
            hash = 2,
            colors = {
                [1] = Color3.new(1,1,1),
            },
            was_free = false,
            scale = 0.34,
            cframe = CFrame.new(15.3179,-0.532471,44.3918,0,0,1,0,1,-0,-1,0,0),
            no_value = true,
            id = "medium_disk",
        },
        ["f-2679"] = {
            hash = 2,
            colors = {
                [1] = Color3.new(1,1,1),
            },
            was_free = false,
            scale = 0.17,
            cframe = CFrame.new(45.7644,-0.259033,15.2393,1,0,0,0,1,0,0,0,1),
            no_value = true,
            id = "medium_disk",
        },
        ["f-2353"] = {
            hash = 2,
            colors = {
                [1] = Color3.new(1,0.815686,0.937255),
            },
            was_free = false,
            scale = 0.17,
            cframe = CFrame.new(33.8616,6.43209,27.8872,0.215323,-0.955802,-0.200199,-0.671808,0.00380337,-0.740716,0.708739,0.293988,-0.641296),
            no_value = true,
            id = "racehouse_2023_arrow_sign_2",
        },
        ["f-1586"] = {
            hash = 2,
            colors = {
                [1] = Color3.new(1,1,1),
            },
            was_free = false,
            scale = 0.4,
            cframe = CFrame.new(5.792,6.29614,21.0039,0,1,0,1,0,0,0,0,-1),
            no_value = true,
            id = "trim_v3_top_plain",
        },
        ["f-1127"] = {
            hash = 2,
            colors = {
                [1] = Color3.new(1,1,1),
            },
            was_free = false,
            scale = 0.29,
            cframe = CFrame.new(22.02,-0.267334,40.6731,-1,0,0,0,1,0,0,0,-1),
            no_value = true,
            id = "medium_disk",
        },
        ["f-3306"] = {
            hash = 2,
            colors = {
                [1] = Color3.new(1,1,0.756863),
            },
            was_free = false,
            scale = 0.06,
            cframe = CFrame.new(32.6011,16.4688,19.5723,0,0,-1,-1,0,0,0,1,0),
            no_value = true,
            id = "sphere_v3_plain",
        },
        ["f-340"] = {
            hash = 2,
            colors = {
                [1] = Color3.new(1,0.92549,0.976471),
            },
            was_free = false,
            scale = 0.14,
            cframe = CFrame.new(62.3752,1.87618,8.4172,0.0656394,-0.0585177,-0.996126,-0.669266,-0.743023,-0.000451982,-0.740118,0.666703,-0.0879356),
            no_value = true,
            id = "bevelled_cylinderv3_plain",
        },
        ["f-978"] = {
            hash = 2,
            colors = {
                [1] = Color3.new(1,1,1),
            },
            was_free = false,
            scale = 0.61,
            cframe = CFrame.new(7.49048,15.998,18.6953,0,0,-1,-1,0,0,0,1,0),
            no_value = true,
            id = "medium_disk",
        },
        ["f-1213"] = {
            hash = 2,
            colors = {
                [1] = Color3.new(1,0.827451,0.941176),
            },
            was_free = false,
            scale = 0.05,
            cframe = CFrame.new(63.911,10.7725,-6.33301,0,0,-1,-1,0,0,0,1,0),
            no_value = true,
            id = "sphere_v3_plain",
        },
        ["f-2778"] = {
            hash = 2,
            colors = {
                [1] = Color3.new(0.835294,0.937255,1),
            },
            was_free = false,
            scale = 0.25,
            cframe = CFrame.new(22.9683,14.3291,0.931643,-1,0,0,0,0,1,0,1,-0),
            no_value = true,
            id = "torus_v3_plain",
        },
        ["f-1883"] = {
            hash = 2,
            colors = {
                [1] = Color3.new(1,1,1),
            },
            was_free = false,
            scale = 0.17,
            cframe = CFrame.new(21.2403,11.131,46.9688,1,-0,0,0,0.91355,0.406727,-0,-0.406727,0.91355),
            no_value = true,
            id = "floor_long1_plain",
        },
        ["f-1072"] = {
            hash = 14,
            colors = {
                [1] = Color3.new(0.105882,0.164706,0.207843),
                [2] = Color3.new(0.639216,0.635294,0.647059),
            },
            was_free = false,
            scale = 0.05,
            cframe = CFrame.new(25.6138,0.899371,42.3027,0,0,1,0,1,-0,-1,0,0),
            no_value = true,
            id = "piano",
        },
        ["f-2772"] = {
            hash = 2,
            colors = {
                [1] = Color3.new(1,1,1),
            },
            was_free = false,
            scale = 0.3,
            cframe = CFrame.new(7.65631,7.21509,0.851564,-1,0,0,0,0,1,0,1,-0),
            no_value = true,
            id = "medium_disk",
        },
        ["f-1160"] = {
            hash = 2,
            colors = {
                [1] = Color3.new(1,0.827451,0.941176),
            },
            was_free = false,
            scale = 0.05,
            cframe = CFrame.new(6.53809,16.092,35.5715,0,1,-0,-1,0,0,0,0,1),
            no_value = true,
            id = "sphere_v3_plain",
        },
        ["f-1412"] = {
            hash = 2,
            colors = {
                [1] = Color3.new(0.639216,0.635294,0.647059),
                [2] = Color3.new(0.87451,0.87451,0.870588),
            },
            was_free = false,
            scale = 1,
            cframe = CFrame.new(85.5,-1,12.1,1,0,0,0,1,0,0,0,1),
            no_value = true,
            id = "queenslander_wall_straight",
        },
        ["f-2120"] = {
            hash = 2,
            colors = {
                [1] = Color3.new(1,1,1),
            },
            was_free = false,
            scale = 0.37,
            cframe = CFrame.new(2.66536,14.8,16.5284,0,1,-0,-1,0,0,0,0,1),
            no_value = true,
            id = "medium_disk",
        },
        ["f-3272"] = {
            hash = 2,
            colors = {
                [1] = Color3.new(1,1,1),
            },
            was_free = false,
            scale = 0.3,
            cframe = CFrame.new(13.1636,18.3352,0.890625,-1,0,0,0,0,1,0,1,-0),
            no_value = true,
            id = "medium_disk",
        },
        ["f-2325"] = {
            hash = 2,
            colors = {
                [1] = Color3.new(1,1,1),
            },
            was_free = false,
            scale = 0.61,
            cframe = CFrame.new(5.65625,15.99,43.1496,0,1,-0,-1,0,0,0,0,1),
            no_value = true,
            id = "medium_disk",
        },
        ["f-2434"] = {
            hash = 2,
            colors = {
                [1] = Color3.new(1,1,1),
            },
            was_free = false,
            scale = 0.17,
            cframe = CFrame.new(12.7511,13.2222,17.6943,0.906304,-0.422626,-1.69724e-05,-1.69724e-05,-7.65324e-05,1,-0.422626,-0.906304,-7.65324e-05),
            no_value = true,
            id = "medium_disk",
        },
        ["f-540"] = {
            hash = 2,
            colors = {
                [1] = Color3.new(1,1,1),
            },
            was_free = false,
            scale = 0.4,
            cframe = CFrame.new(3.99136,12.7002,3.40098,0,-1,-0,-1,0,-0,0,0,-1),
            no_value = true,
            id = "normaltrashcan",
        },
        ["f-2447"] = {
            hash = 2,
            colors = {
                [1] = Color3.new(1,1,1),
            },
            was_free = false,
            scale = 0.44,
            cframe = CFrame.new(64.3652,-0.284967,25.4893,0.0323293,0,0.999477,0,1,0,-0.999477,0,0.0323293),
            no_value = true,
            id = "beam_v1_plain",
        },
        ["f-443"] = {
            hash = 2,
            colors = {
                [1] = Color3.new(1,1,1),
            },
            was_free = false,
            scale = 0.68,
            cframe = CFrame.new(59.2998,-1.97559,14.5199,1,0,0,0,1,0,0,0,1),
            no_value = true,
            id = "sphere_v3_plain",
        },
        ["f-3242"] = {
            hash = 2,
            colors = {
                [1] = Color3.new(1,1,1),
            },
            was_free = false,
            scale = 0.4,
            cframe = CFrame.new(3.99136,12.7002,4.49961,0,-1,-0,-1,0,-0,0,0,-1),
            no_value = true,
            id = "normaltrashcan",
        },
        ["f-425"] = {
            hash = 2,
            colors = {
                [1] = Color3.new(1,1,0.756863),
            },
            was_free = false,
            scale = 0.06,
            cframe = CFrame.new(6.5332,16.501,29.7486,0,1,-0,-1,0,0,0,0,1),
            no_value = true,
            id = "sphere_v3_plain",
        },
        ["f-327"] = {
            hash = 2,
            colors = {
                [1] = Color3.new(0.835294,0.937255,1),
            },
            was_free = false,
            scale = 0.06,
            cframe = CFrame.new(6.5332,15.792,28.07,0,1,-0,-1,0,0,0,0,1),
            no_value = true,
            id = "sphere_v3_plain",
        },
        ["f-2228"] = {
            hash = 2,
            colors = {
                [1] = Color3.new(1,1,1),
            },
            was_free = false,
            scale = 0.15,
            cframe = CFrame.new(5.34416,6.76831,11.4541,0,1,-0,-1,0,0,0,0,1),
            no_value = true,
            id = "medium_disk",
        },
        ["f-2246"] = {
            hash = 2,
            colors = {
                [1] = Color3.new(0.792157,0.945098,1),
            },
            was_free = false,
            scale = 2.69,
            cframe = CFrame.new(38.3452,15.6399,-12.1055,0,-1,0,0,0,-1,1,0,0),
            no_value = true,
            id = "basicrug",
        },
        ["f-876"] = {
            hash = 2,
            colors = {
                [1] = Color3.new(1,0.94902,0.854902),
            },
            was_free = false,
            scale = 0.18,
            cframe = CFrame.new(5.55393,-0.442734,15.0569,-0.229779,0.00857124,-0.973205,-0.120956,0.991957,0.0372946,0.965697,0.126284,-0.226894),
            no_value = true,
            id = "beam_v1_plain",
        },
        ["f-160"] = {
            hash = 2,
            colors = {
                [1] = Color3.new(1,0.784314,0.92549),
            },
            was_free = false,
            scale = 0.34,
            cframe = CFrame.new(2.92124,14.318,6.47559,0,1,0,1,0,0,0,0,-1),
            no_value = true,
            id = "trim_v3_top_plain",
        },
        ["f-2776"] = {
            hash = 2,
            colors = {
                [1] = Color3.new(1,1,0.756863),
            },
            was_free = false,
            scale = 0.06,
            cframe = CFrame.new(58.0503,7.73704,25.6445,0,0,1,-1,0,0,0,-1,0),
            no_value = true,
            id = "sphere_v3_plain",
        },
        ["f-348"] = {
            hash = 2,
            colors = {
                [1] = Color3.new(1,1,1),
            },
            was_free = false,
            scale = 0.2,
            cframe = CFrame.new(6.4229,12.209,28.1289,0,1,-0,-1,0,0,0,0,1),
            no_value = true,
            id = "medium_disk",
        },
        ["f-3792"] = {
            hash = 2,
            colors = {
                [1] = Color3.new(1,0.85098,0.94902),
                [2] = Color3.new(0.972549,0.972549,0.972549),
            },
            was_free = false,
            scale = 0.58,
            cframe = CFrame.new(22.2002,-0.468994,24.5996,-1,0,0,0,1,0,0,0,-1),
            no_value = true,
            id = "heartrug",
        },
        ["f-3141"] = {
            hash = 2,
            colors = {
                [1] = Color3.new(1,0.827451,0.941176),
            },
            was_free = false,
            scale = 0.52,
            cframe = CFrame.new(48.1023,17.4155,-2.18563,-0.94084,0.000226527,-0.338851,-0.274332,-0.587498,0.761306,-0.198902,0.809225,0.552804),
            no_value = true,
            id = "medium_disk",
        },
        ["f-1505"] = {
            hash = 2,
            colors = {
                [1] = Color3.new(0.866667,0.54902,0.721569),
                [2] = Color3.new(1,0.72549,0.905882),
            },
            was_free = false,
            scale = 1.61,
            cframe = CFrame.new(17.8491,-4.04224,40.4719,0,0,1,0,1,-0,-1,0,0),
            no_value = true,
            id = "winter_2022_small_present",
        },
        ["f-2812"] = {
            hash = 2,
            colors = {
                [1] = Color3.new(1,1,0.756863),
            },
            was_free = false,
            scale = 0.06,
            cframe = CFrame.new(29.6094,16.4919,34.2244,0,-1,-0,-1,0,-0,0,0,-1),
            no_value = true,
            id = "sphere_v3_plain",
        },
        ["f-2835"] = {
            hash = 2,
            colors = {
                [1] = Color3.new(1,0.780392,0.886275),
            },
            was_free = false,
            scale = 0.7,
            cframe = CFrame.new(54.3198,10.656,26.7822,0,0,1,-1,0,0,0,-1,0),
            no_value = true,
            id = "medium_disk",
        },
        ["f-2988"] = {
            hash = 2,
            colors = {
                [1] = Color3.new(1,1,1),
                [2] = Color3.new(1,1,1),
                [3] = Color3.new(1,1,1),
                [4] = Color3.new(1,1,1),
            },
            was_free = false,
            scale = 2.01,
            cframe = CFrame.new(64.5488,14.109,23.7879,1,-0,0,0,0.84806,0.5299,-0,-0.5299,0.84806),
            no_value = true,
            id = "tinystylishtree",
        },
        ["f-3699"] = {
            hash = 2,
            colors = {
                [1] = Color3.new(0.639216,0.635294,0.647059),
                [2] = Color3.new(0.87451,0.87451,0.870588),
            },
            was_free = false,
            scale = 1,
            cframe = CFrame.new(85.5,-1,2.77568,1,0,0,0,1,0,0,0,1),
            no_value = true,
            id = "queenslander_wall_straight",
        },
        ["f-670"] = {
            hash = 2,
            colors = {
                [1] = Color3.new(1,1,1),
            },
            was_free = false,
            scale = 0.55,
            cframe = CFrame.new(37.6323,16.6001,26.2245,0,-1,0,1,0,-0,0,0,1),
            no_value = true,
            id = "medium_disk",
        },
        ["f-2834"] = {
            hash = 2,
            colors = {
                [1] = Color3.new(1,1,0.756863),
            },
            was_free = false,
            scale = 0.06,
            cframe = CFrame.new(29.6094,16.5009,31.8982,0,-1,-0,-1,0,-0,0,0,-1),
            no_value = true,
            id = "sphere_v3_plain",
        },
        ["f-1844"] = {
            hash = 2,
            colors = {
                [1] = Color3.new(1,0.913725,0.717647),
            },
            was_free = false,
            scale = 0.4,
            cframe = CFrame.new(55.4445,6.75,-6.85449,0,0,1,1,0,0,0,1,0),
            no_value = true,
            id = "trim_v3_top_plain",
        },
        ["f-2854"] = {
            hash = 2,
            colors = {
                [1] = Color3.new(1,1,1),
            },
            was_free = false,
            scale = 0.1,
            cframe = CFrame.new(6.04639,13.0441,43.382,5.34654e-05,1,-7.26134e-05,0.926835,-7.67708e-05,-0.375469,-0.375469,-4.72367e-05,-0.926835),
            no_value = true,
            id = "medium_disk",
        },
        ["f-2877"] = {
            hash = 2,
            colors = {
                [1] = Color3.new(1,0.780392,0.886275),
            },
            was_free = false,
            scale = 0.7,
            cframe = CFrame.new(52.394,10.8371,26.7822,0,0,1,-1,0,0,0,-1,0),
            no_value = true,
            id = "medium_disk",
        },
        ["f-1805"] = {
            hash = 2,
            colors = {
                [1] = Color3.new(1,0.827451,0.941176),
                [2] = Color3.new(1,0.827451,0.941176),
                [3] = Color3.new(1,0.827451,0.941176),
                [4] = Color3.new(1,0.827451,0.941176),
            },
            was_free = false,
            scale = 1.3,
            cframe = CFrame.new(22.8801,8.62817,17.5,0,1,0,1,0,0,0,0,-1),
            no_value = true,
            id = "tinystylishtree",
        },
        ["f-2466"] = {
            hash = 2,
            colors = {
                [1] = Color3.new(1,1,0.792157),
            },
            was_free = false,
            scale = 0.16,
            cframe = CFrame.new(5.0059,4.71977,4.03739,-0.320547,0.719887,0.61564,-0.91353,-0.406771,-1.07288e-06,0.250423,-0.562406,0.788028),
            no_value = true,
            id = "bevelled_cylinderv3_plain",
        },
        ["f-3668"] = {
            hash = 2,
            colors = {
                [1] = Color3.new(1,1,1),
            },
            was_free = false,
            scale = 0.39,
            cframe = CFrame.new(60.8894,17.2696,22.1482,-0.258727,-2.57492e-05,0.965951,-0.819154,-0.529945,-0.219422,0.511906,-0.848032,0.13709),
            no_value = true,
            id = "medium_disk",
        },
        ["f-2468"] = {
            hash = 2,
            colors = {
                [1] = Color3.new(0.819608,0.933333,1),
            },
            was_free = false,
            scale = 0.15,
            cframe = CFrame.new(32.8715,2.4895,15.8585,-0.0117813,-0.828273,0.5602,-0.974349,0.135423,0.179736,-0.224735,-0.543713,-0.808623),
            no_value = true,
            id = "brick",
        },
        ["f-1176"] = {
            hash = 2,
            colors = {
                [1] = Color3.new(1,1,1),
            },
            was_free = false,
            scale = 0.83,
            cframe = CFrame.new(22.0513,2.3456,47.4443,1,0,0,0,1,0,0,0,1),
            no_value = true,
            id = "beam_v1_plain",
        },
        ["f-1958"] = {
            hash = 2,
            colors = {
                [1] = Color3.new(1,1,1),
            },
            was_free = false,
            scale = 0.19,
            cframe = CFrame.new(8.1421,10.2658,45.3855,0,-1,-0,-1,0,-0,0,0,-1),
            no_value = true,
            id = "round_wall_v3_plain",
        },
        ["f-513"] = {
            hash = 2,
            colors = {
                [1] = Color3.new(1,1,1),
            },
            was_free = false,
            scale = 0.3,
            cframe = CFrame.new(6.98394,18.3352,0.890625,-1,0,0,0,0,1,0,1,-0),
            no_value = true,
            id = "medium_disk",
        },
        ["f-2303"] = {
            hash = 2,
            colors = {
                [1] = Color3.new(1,0.858824,0.952941),
            },
            was_free = false,
            scale = 0.24,
            cframe = CFrame.new(27.3179,1.34448,35.393,-0.999907,0,0.0136386,0,1,0,-0.0136386,0,-0.999907),
            no_value = true,
            id = "floor_long1_plain",
        },
        ["f-2419"] = {
            hash = 2,
            colors = {
                [1] = Color3.new(1,1,1),
            },
            was_free = false,
            scale = 0.19,
            cframe = CFrame.new(6.2437,10.3877,20.084,0,1,-0,-1,0,0,0,0,1),
            no_value = true,
            id = "medium_disk",
        },
        ["f-1202"] = {
            hash = 2,
            colors = {
                [1] = Color3.new(1,1,1),
            },
            was_free = false,
            scale = 0.2,
            cframe = CFrame.new(6.4229,11.876,22.6924,0,1,-0,-1,0,0,0,0,1),
            no_value = true,
            id = "medium_disk",
        },
        ["f-1155"] = {
            hash = 2,
            colors = {
                [1] = Color3.new(1,1,1),
            },
            was_free = false,
            scale = 0.1,
            cframe = CFrame.new(29.9082,9.75342,43.2996,-6.4373e-05,-1,-1.03414e-05,0.949667,-6.4373e-05,0.313262,-0.313262,1.03414e-05,0.949667),
            no_value = true,
            id = "medium_disk",
        },
        ["f-3136"] = {
            hash = 2,
            colors = {
                [1] = Color3.new(1,1,1),
            },
            was_free = false,
            scale = 0.42,
            cframe = CFrame.new(26.2194,15.4164,50.6426,0.965923,-5.78165e-05,0.25883,-0.25883,2.8491e-05,0.965923,-6.32256e-05,-1,1.25766e-05),
            no_value = true,
            id = "medium_disk",
        },
        ["f-701"] = {
            hash = 2,
            colors = {
                [1] = Color3.new(0.87451,0.87451,0.870588),
                [2] = Color3.new(1,0.827451,0.941176),
            },
            was_free = false,
            scale = 1,
            cframe = CFrame.new(36.4863,16.312,25.2103,1,0,0,0,1,0,0,0,1),
            no_value = true,
            id = "queenslander_wall_straight",
        },
        ["f-435"] = {
            hash = 2,
            colors = {
                [1] = Color3.new(1,1,0.792157),
            },
            was_free = false,
            scale = 0.15,
            cframe = CFrame.new(28.1336,3.40952,-20.0635,-0.283903,0.758332,-0.586798,-0.926221,-0.375186,-0.03674,-0.24802,0.533074,0.808899),
            no_value = true,
            id = "bevelled_cylinderv3_plain",
        },
        ["f-1265"] = {
            hash = 2,
            colors = {
                [1] = Color3.new(1,0.886275,0.960784),
            },
            was_free = false,
            scale = 1.28,
            cframe = CFrame.new(30.7661,10.514,18.1572,0,0,1,1,0,0,0,1,0),
            no_value = true,
            id = "basicrug",
        },
        ["f-2946"] = {
            hash = 2,
            colors = {
                [1] = Color3.new(1,0.745098,0.913725),
                [2] = Color3.new(0.972549,0.972549,0.972549),
            },
            was_free = false,
            scale = 0.3,
            cframe = CFrame.new(22.2002,-0.061035,27.5781,1,0,0,0,1,0,0,0,1),
            no_value = true,
            id = "heartrug",
        },
        ["f-2106"] = {
            hash = 2,
            colors = {
                [1] = Color3.new(1,0.847059,0.94902),
            },
            was_free = false,
            scale = 0.31,
            cframe = CFrame.new(52.3574,-0.327637,2.20898,0,0,1,0,1,-0,-1,0,0),
            no_value = true,
            id = "floor_long1_plain",
        },
        ["f-2409"] = {
            hash = 2,
            colors = {
                [1] = Color3.new(1,1,1),
            },
            was_free = false,
            scale = 0.61,
            cframe = CFrame.new(42.7974,9.4824,26.5205,0,0,1,-1,0,0,0,-1,0),
            no_value = true,
            id = "medium_disk",
        },
        ["f-3155"] = {
            hash = 2,
            colors = {
                [1] = Color3.new(1,1,1),
            },
            was_free = false,
            scale = 0.3,
            cframe = CFrame.new(25.7539,18.3352,18.1504,1,0,-0,0,0,1,0,-1,0),
            no_value = true,
            id = "medium_disk",
        },
        ["f-1974"] = {
            hash = 2,
            colors = {
                [1] = Color3.new(1,1,1),
            },
            was_free = false,
            scale = 0.4,
            cframe = CFrame.new(7.21562,6.29614,51.2734,0,0,-1,1,0,0,0,-1,0),
            no_value = true,
            id = "trim_v3_top_plain",
        },
        ["f-3251"] = {
            hash = 2,
            colors = {
                [1] = Color3.new(1,0.913725,0.717647),
            },
            was_free = false,
            scale = 0.4,
            cframe = CFrame.new(65.0337,7.30005,24.2666,0,-1,-0,-1,0,-0,0,0,-1),
            no_value = true,
            id = "trim_v3_top_plain",
        },
        ["f-843"] = {
            hash = 2,
            colors = {
                [1] = Color3.new(1,0.827451,0.941176),
                [2] = Color3.new(1,0.956863,0.858824),
            },
            was_free = false,
            scale = 0.3,
            cframe = CFrame.new(13.6043,4.3999,51.1484,-1,0,-0,0,0,-1,0,-1,-0),
            no_value = true,
            id = "poshrug",
        },
        ["f-727"] = {
            hash = 2,
            colors = {
                [1] = Color3.new(1,1,1),
            },
            was_free = false,
            scale = 0.17,
            cframe = CFrame.new(55.5808,-0.259033,18.0752,0,0,1,0,1,-0,-1,0,0),
            no_value = true,
            id = "medium_disk",
        },
        ["f-3517"] = {
            hash = 2,
            colors = {
                [1] = Color3.new(0.521569,0.431373,0.384314),
            },
            was_free = false,
            scale = 0.15,
            cframe = CFrame.new(8.42494,5.7075,1.06386,0.999393,0.0348479,-5.99381e-05,-6.21192e-05,6.13928e-05,-1,-0.0348479,0.999393,6.35386e-05),
            no_value = true,
            id = "medium_disk",
        },
        ["f-3736"] = {
            hash = 2,
            colors = {
                [1] = Color3.new(1,1,1),
            },
            was_free = false,
            scale = 0.17,
            cframe = CFrame.new(12.3999,11.0432,1.09604,-1,0,0,0,0,1,0,1,-0),
            no_value = true,
            id = "medium_disk",
        },
        ["f-748"] = {
            hash = 2,
            colors = {
                [1] = Color3.new(0.835294,0.937255,1),
            },
            was_free = false,
            scale = 0.06,
            cframe = CFrame.new(49.0972,10.6391,25.6436,0,0,1,-1,0,0,0,-1,0),
            no_value = true,
            id = "sphere_v3_plain",
        },
        ["f-2664"] = {
            hash = 2,
            colors = {
                [1] = Color3.new(0.521569,0.431373,0.384314),
            },
            was_free = false,
            scale = 0.17,
            cframe = CFrame.new(30.6303,5.6978,-16.7111,0.926234,-0.373756,0.0489584,0.04173,-0.0274125,-0.998753,0.374632,0.927122,-0.00979364),
            no_value = true,
            id = "medium_disk",
        },
        ["f-587"] = {
            hash = 2,
            colors = {
                [1] = Color3.new(0.972549,0.972549,0.972549),
            },
            was_free = false,
            scale = 1,
            cframe = CFrame.new(75.7002,-1,40.8748,1,0,0,0,1,0,0,0,1),
            no_value = true,
            id = "basicrug",
        },
        ["f-2798"] = {
            hash = 2,
            colors = {
                [1] = Color3.new(1,1,1),
            },
            was_free = false,
            scale = 0.13,
            cframe = CFrame.new(14.2002,-0.243408,13.5996,1,0,0,0,1,0,0,0,1),
            no_value = true,
            id = "medium_disk",
        },
        ["f-503"] = {
            hash = 2,
            colors = {
                [1] = Color3.new(1,0.827451,0.941176),
            },
            was_free = false,
            scale = 0.33,
            cframe = CFrame.new(29.3437,13.3035,1.03516,-0.939687,-1.81794e-06,-0.342034,-0.342034,1.0252e-05,0.939687,1.81794e-06,1,-1.03712e-05),
            no_value = true,
            id = "medium_disk",
        },
        ["f-1527"] = {
            hash = 2,
            colors = {
                [1] = Color3.new(1,1,1),
                [2] = Color3.new(0.811765,0.698039,0.619608),
                [3] = Color3.new(1,0.827451,0.941176),
            },
            was_free = false,
            scale = 1,
            cframe = CFrame.new(59.8999,-0.383789,7.5,0.499959,0,0.866049,0,1,0,-0.866049,0,0.499959),
            no_value = true,
            id = "winter_2022_cherries",
        },
        ["f-1212"] = {
            hash = 2,
            colors = {
                [1] = Color3.new(1,1,1),
            },
            was_free = false,
            scale = 0.44,
            cframe = CFrame.new(3.34812,-0.41424,17.5674,0,0,1,0,1,-0,-1,0,0),
            no_value = true,
            id = "beam_v1_plain",
        },
        ["f-1665"] = {
            hash = 2,
            colors = {
                [1] = Color3.new(0.560784,0.501961,0.466667),
            },
            was_free = false,
            scale = 0.05,
            cframe = CFrame.new(30.4362,2.3855,15.6713,0.0271848,0.0219916,0.999389,-0.629278,0.77718,1.53482e-05,-0.776705,-0.628893,0.0349663),
            no_value = true,
            id = "torus_v3_plain",
        },
        ["f-1099"] = {
            hash = 2,
            colors = {
                [1] = Color3.new(1,1,1),
            },
            was_free = false,
            scale = 0.42,
            cframe = CFrame.new(32.8417,-0.404706,13.6545,0.965916,-0.0626509,0.251159,3.89777e-05,0.970304,0.24189,-0.258855,-0.233636,0.937235),
            no_value = true,
            id = "medium_disk",
        },
        ["f-223"] = {
            hash = 2,
            colors = {
                [1] = Color3.new(1,1,1),
            },
            was_free = false,
            scale = 0.3,
            cframe = CFrame.new(6.55937,7.21509,0.851564,-1,0,0,0,0,1,0,1,-0),
            no_value = true,
            id = "medium_disk",
        },
        ["f-880"] = {
            hash = 2,
            colors = {
                [1] = Color3.new(1,0.827451,0.941176),
                [2] = Color3.new(1,0.827451,0.941176),
                [3] = Color3.new(1,0.827451,0.941176),
                [4] = Color3.new(1,0.827451,0.941176),
            },
            was_free = false,
            scale = 1.3,
            cframe = CFrame.new(7.24823,8.62817,1.50196,0,-1,0,1,0,-0,0,0,1),
            no_value = true,
            id = "tinystylishtree",
        },
        ["f-3748"] = {
            hash = 2,
            colors = {
                [1] = Color3.new(1,0.784314,0.92549),
            },
            was_free = false,
            scale = 0.34,
            cframe = CFrame.new(2.92124,14.3179,15.9731,0,1,0,1,0,0,0,0,-1),
            no_value = true,
            id = "trim_v3_top_plain",
        },
        ["f-3169"] = {
            hash = 2,
            colors = {
                [1] = Color3.new(1,1,1),
            },
            was_free = false,
            scale = 0.2,
            cframe = CFrame.new(29.9756,9.65034,43.9691,-6.4373e-05,-1,-1.03414e-05,0.949667,-6.4373e-05,0.313262,-0.313262,1.03414e-05,0.949667),
            no_value = true,
            id = "medium_disk",
        },
        ["f-1860"] = {
            hash = 2,
            colors = {
                [1] = Color3.new(0.745098,1,0.741176),
            },
            was_free = false,
            scale = 1.32,
            cframe = CFrame.new(34.4473,-5.07593,-18.7574,1,0,0,0,1,0,0,0,1),
            no_value = true,
            id = "sphere_v3_plain",
        },
        ["f-2467"] = {
            hash = 2,
            colors = {
                [1] = Color3.new(1,1,1),
            },
            was_free = false,
            scale = 0.1,
            cframe = CFrame.new(36.8965,14.1599,21.162,1.90735e-06,-1,-1.19209e-06,0.457569,1.90735e-06,-0.889174,0.889174,1.19209e-06,0.457569),
            no_value = true,
            id = "medium_disk",
        },
        ["f-1306"] = {
            hash = 2,
            colors = {
                [1] = Color3.new(1,1,0.756863),
            },
            was_free = false,
            scale = 0.06,
            cframe = CFrame.new(50.1343,11.465,-6.33789,0,0,-1,-1,0,0,0,1,0),
            no_value = true,
            id = "sphere_v3_plain",
        },
        ["f-1644"] = {
            hash = 2,
            colors = {
                [1] = Color3.new(1,0.596078,0.862745),
                [2] = Color3.new(1,0.827451,0.941176),
            },
            was_free = false,
            scale = 0.63,
            cframe = CFrame.new(51.0134,14.7025,23.361,-0.999903,1.1682e-05,-0.0139093,0.0117893,-0.529945,-0.84795,-0.00738107,-0.848032,0.529894),
            no_value = true,
            id = "tinyheartwindow",
        },
        ["f-3318"] = {
            hash = 2,
            colors = {
                [1] = Color3.new(1,1,1),
            },
            was_free = false,
            scale = 0.15,
            cframe = CFrame.new(5.34416,9.27686,11.3281,0,1,-0,-1,0,0,0,0,1),
            no_value = true,
            id = "medium_disk",
        },
        ["f-39"] = {
            hash = 2,
            colors = {
                [1] = Color3.new(1,1,1),
            },
            was_free = false,
            scale = 0.1,
            cframe = CFrame.new(29.9082,12.891,32.6694,-5.72205e-06,-1,5.73695e-07,0.979069,-5.72205e-06,-0.203529,0.203529,-5.73695e-07,0.979069),
            no_value = true,
            id = "medium_disk",
        },
        ["f-217"] = {
            hash = 2,
            colors = {
                [1] = Color3.new(1,1,1),
            },
            was_free = false,
            scale = 0.13,
            cframe = CFrame.new(14.2002,-0.243408,12.7497,1,0,0,0,1,0,0,0,1),
            no_value = true,
            id = "medium_disk",
        },
        ["f-2893"] = {
            hash = 2,
            colors = {
                [1] = Color3.new(0.815686,0.933333,1),
            },
            was_free = false,
            scale = 0.78,
            cframe = CFrame.new(4.69843,0.875534,2.98632,-0.0252676,-0.0075216,0.999652,-0.0684634,0.997637,0.00577592,-0.997334,-0.0682937,-0.0257229),
            no_value = true,
            id = "torus_v3_plain",
        },
        ["f-1794"] = {
            hash = 2,
            colors = {
                [1] = Color3.new(1,1,1),
            },
            was_free = false,
            scale = 0.17,
            cframe = CFrame.new(31.9297,12.605,1.0957,-1,0,0,0,0,1,0,1,-0),
            no_value = true,
            id = "medium_disk",
        },
        ["f-3468"] = {
            hash = 2,
            colors = {
                [1] = Color3.new(1,1,1),
            },
            was_free = false,
            scale = 0.61,
            cframe = CFrame.new(25.7959,15.8839,18.6953,0,0,-1,-1,0,0,0,1,0),
            no_value = true,
            id = "medium_disk",
        },
        ["f-1308"] = {
            hash = 2,
            colors = {
                [1] = Color3.new(1,1,1),
            },
            was_free = false,
            scale = 0.17,
            cframe = CFrame.new(32.2875,5.52504,-3.96212,-0.535874,-0.1909,0.822433,-0.283084,0.958342,0.0379971,-0.795426,-0.212456,-0.567592),
            no_value = true,
            id = "cylinder_v3_plain",
        },
        ["f-1769"] = {
            hash = 2,
            colors = {
                [1] = Color3.new(1,1,1),
            },
            was_free = false,
            scale = 0.61,
            cframe = CFrame.new(48.5894,9.51218,26.5215,0,0,1,-1,0,0,0,-1,0),
            no_value = true,
            id = "medium_disk",
        },
        ["f-1701"] = {
            hash = 2,
            colors = {
                [1] = Color3.new(1,1,1),
            },
            was_free = false,
            scale = 0.17,
            cframe = CFrame.new(49.9567,-0.259033,18.0752,0,0,1,0,1,-0,-1,0,0),
            no_value = true,
            id = "medium_disk",
        },
        ["f-393"] = {
            hash = 2,
            colors = {
                [1] = Color3.new(0.87451,0.87451,0.870588),
                [2] = Color3.new(1,0.827451,0.941176),
            },
            was_free = false,
            scale = 1,
            cframe = CFrame.new(16.3268,14.2461,17.5,0,0,-1,0,1,0,1,0,0),
            no_value = true,
            id = "queenslander_wall_straight",
        },
        ["f-2149"] = {
            hash = 2,
            colors = {
                [1] = Color3.new(1,0.921569,0.972549),
            },
            was_free = false,
            scale = 0.14,
            cframe = CFrame.new(64.0816,8.36647,3.10733,0.206921,-0.077869,0.975254,0.300316,0.953759,0.0124342,-0.931125,0.290312,0.220738),
            no_value = true,
            id = "sphere_v3_plain",
        },
        ["f-27"] = {
            hash = 2,
